15 PA3-B-Debug-Answer.txt 0
  -37.65    -9.48   -12.77       -38.82    -9.64   -11.91     1.458
  -18.61    -9.66    -4.29       -19.12    -9.70    -2.94     1.448
   -2.14    -7.93    52.45        -1.18    -5.73    52.65     2.408
   17.87   -12.58     1.67        17.86   -12.56     1.66     0.024
  -13.95    21.50    25.30       -14.61    22.22    25.28     0.972
   28.96    19.05   -13.74        30.81    20.12   -13.97     2.143
   24.26    22.12    -2.00        25.46    24.27    -2.07     2.460
  -27.76   -23.80   -48.37       -27.05   -21.42   -45.70     3.642
  -28.46     7.90   -35.89       -28.55     8.08   -36.00     0.227
  -12.66     9.57    12.90       -11.20     8.79    13.30     1.699
  -27.12   -28.65   -14.36       -27.09   -28.51   -14.42     0.163
   37.25     5.25     4.71        39.65     4.99     4.85     2.413
   20.18   -14.88    -4.87        20.58   -15.33    -4.37     0.790
   -4.26    12.83    54.08        -4.79    13.08    54.15     0.589
   32.08    15.86    -2.09        33.31    16.96    -2.28     1.655
