15 PA3-E-Debug-Output.txt 0
   15.58     1.13    60.86        15.63     1.13    62.97     2.112
   12.40    21.85   -23.92        12.78    21.53   -23.77     0.520
  -38.72   -22.21   -14.32       -37.23   -21.44   -15.16     1.870
   15.83    14.58    48.36        18.56    17.43    48.73     3.974
  -40.44   -12.77   -13.07       -39.62   -12.65   -13.64     1.003
   26.78   -10.88    -0.58        26.75   -10.61    -0.70     0.301
   10.64   -14.97     3.37        10.61   -13.82     2.92     1.237
  -45.64    -6.22   -30.85       -43.07    -6.24   -30.06     2.681
    2.57   -17.58   -22.25         2.47   -17.51   -22.21     0.124
    1.60    19.06    -0.25         3.20    17.98     0.40     2.044
    8.50    23.34    13.38         8.23    25.16    13.66     1.867
    9.94    17.98   -26.30        11.31    18.54   -25.99     1.518
   15.71    -2.98    56.43        16.57    -3.80    56.51     1.189
   18.48    23.21    -9.08        18.49    26.07    -9.55     2.899
  -37.01     3.71   -20.94       -37.23     3.95   -20.83     0.347
