200 PA4-C-Debug-Answer.txt 0
    8.29    11.85   -10.55         8.29    11.85   -10.55     0.000
  -37.53    -8.94    -9.95       -37.53    -8.94    -9.95     0.000
  -32.25   -26.08   -15.18       -32.25   -26.08   -15.18     0.000
  -41.73   -18.23   -28.98       -41.73   -18.23   -28.98     0.000
    8.84    -7.19    62.31         8.84    -7.19    62.31     0.000
   15.79   -10.31     7.73        15.79   -10.31     7.73     0.000
    8.11    -8.34   -22.85         8.11    -8.34   -22.85     0.000
    6.26   -12.75     4.58         6.26   -12.75     4.58     0.000
  -38.18   -22.32   -34.27       -38.18   -22.32   -34.27     0.000
   16.99     3.56   -22.07        16.99     3.56   -22.07     0.000
   -9.15    25.07    25.54        -9.15    25.07    25.54     0.000
  -23.90    -7.49    -5.84       -23.90    -7.49    -5.84     0.000
   -2.28    24.19    24.86        -2.28    24.19    24.86     0.000
   -4.67   -25.91   -22.89        -4.67   -25.91   -22.89     0.000
  -37.68     4.73   -25.06       -37.68     4.73   -25.06     0.000
  -29.41     7.82   -16.78       -29.41     7.82   -16.78     0.000
   33.90    10.89    11.73        33.90    10.89    11.73     0.000
  -18.13    12.16   -26.51       -18.13    12.16   -26.51     0.000
    0.59    -6.48    62.96         0.59    -6.48    62.96     0.000
  -27.55   -25.46   -41.98       -27.55   -25.46   -41.98     0.000
  -20.31    -3.67    -4.09       -20.31    -3.67    -4.09     0.000
   -9.17     9.70     7.55        -9.17     9.70     7.55     0.000
   -7.14     5.26    36.45        -7.14     5.26    36.45     0.000
  -21.13     7.33   -39.68       -21.13     7.33   -39.68     0.000
   -9.30     6.11    27.78        -9.30     6.11    27.78     0.000
  -37.86   -15.07   -41.33       -37.86   -15.07   -41.33     0.000
   24.58    17.11    24.31        24.58    17.11    24.31     0.000
   -9.73   -27.87   -17.85        -9.73   -27.87   -17.85     0.000
   -1.09    -4.17   -29.00        -1.09    -4.17   -29.00     0.000
  -24.29   -32.58   -29.10       -24.29   -32.58   -29.10     0.000
   29.28    -3.08    15.31        29.28    -3.08    15.31     0.000
   21.77    14.37   -30.19        21.77    14.37   -30.19     0.000
   32.77    17.75    -4.19        32.77    17.75    -4.19     0.000
  -10.36    -0.23   -43.18       -10.36    -0.23   -43.18     0.000
    2.21    22.47    31.52         2.21    22.47    31.52     0.000
   24.86    16.40    24.53        24.86    16.40    24.53     0.000
   17.65    24.92   -23.52        17.65    24.92   -23.52     0.000
   35.39    -4.16     6.23        35.39    -4.16     6.23     0.000
   -6.24     0.79    48.43        -6.24     0.79    48.43     0.000
    3.31    18.95    54.08         3.31    18.95    54.08     0.000
   -3.80   -20.30   -11.93        -3.80   -20.30   -11.93     0.000
   29.47    -9.62    -2.24        29.47    -9.62    -2.24     0.000
    2.58    -6.90    47.80         2.58    -6.90    47.80     0.000
   18.35    -8.02    12.25        18.35    -8.02    12.25     0.000
   23.65     5.62   -30.17        23.65     5.62   -30.17     0.000
   -7.83    10.22     5.20        -7.83    10.22     5.20     0.000
  -28.05    10.84   -27.85       -28.05    10.84   -27.85     0.000
  -43.04   -15.35   -23.76       -43.04   -15.35   -23.76     0.000
   30.04    13.39   -25.62        30.04    13.39   -25.62     0.000
   18.22    -6.75    18.02        18.22    -6.75    18.02     0.000
   32.58     6.36   -25.23        32.58     6.36   -25.23     0.000
   28.92   -11.80   -15.43        28.92   -11.80   -15.43     0.000
   23.02     7.39    47.06        23.02     7.39    47.06     0.000
  -28.08     3.04   -42.56       -28.08     3.04   -42.56     0.000
   11.88    26.36     9.36        11.88    26.36     9.36     0.000
    1.53    15.41    62.71         1.53    15.41    62.71     0.000
  -10.52   -13.30    -1.36       -10.52   -13.30    -1.36     0.000
   -3.26    17.93     9.77        -3.26    17.93     9.77     0.000
  -12.52     2.44   -42.89       -12.52     2.44   -42.89     0.000
    8.22    20.82    49.54         8.22    20.82    49.54     0.000
   31.13    -5.90     9.80        31.13    -5.90     9.80     0.000
  -23.22   -30.55   -36.26       -23.22   -30.55   -36.26     0.000
   -0.35    -6.72   -29.27        -0.35    -6.72   -29.27     0.000
   21.89     9.26    55.04        21.89     9.26    55.04     0.000
   22.47     3.73   -29.00        22.47     3.73   -29.00     0.000
  -10.53   -12.65    -0.33       -10.53   -12.65    -0.33     0.000
  -18.70   -26.92   -41.57       -18.70   -26.92   -41.57     0.000
  -18.60    -6.61   -48.38       -18.60    -6.61   -48.38     0.000
   -5.18    18.62    12.34        -5.18    18.62    12.34     0.000
   -2.92   -24.40   -24.21        -2.92   -24.40   -24.21     0.000
    8.23     9.21   -13.71         8.23     9.21   -13.71     0.000
  -31.25   -26.03   -39.14       -31.25   -26.03   -39.14     0.000
   -9.31     6.48    28.21        -9.31     6.48    28.21     0.000
   -2.48    -6.39   -35.38        -2.48    -6.39   -35.38     0.000
  -41.75    -1.98   -21.20       -41.75    -1.98   -21.20     0.000
   28.52    21.96     4.43        28.52    21.96     4.43     0.000
  -18.90   -30.51   -16.60       -18.90   -30.51   -16.60     0.000
   20.76    -3.91    32.05        20.76    -3.91    32.05     0.000
   14.50    -7.30    18.30        14.50    -7.30    18.30     0.000
  -23.10    -7.77    -5.18       -23.10    -7.77    -5.18     0.000
   36.54    10.70     8.51        36.54    10.70     8.51     0.000
   18.40   -10.96     4.40        18.40   -10.96     4.40     0.000
   -1.49    -8.35    25.87        -1.49    -8.35    25.87     0.000
   37.67    -0.65   -12.95        37.67    -0.65   -12.95     0.000
  -14.77    11.22   -26.19       -14.77    11.22   -26.19     0.000
   21.77    -6.35    15.35        21.77    -6.35    15.35     0.000
   27.78    -5.73    12.72        27.78    -5.73    12.72     0.000
   28.72    -0.33   -28.40        28.72    -0.33   -28.40     0.000
    9.98    -7.40    21.76         9.98    -7.40    21.76     0.000
  -39.82   -15.65   -35.58       -39.82   -15.65   -35.58     0.000
   15.54    -5.87    31.71        15.54    -5.87    31.71     0.000
   17.46    -4.51    43.16        17.46    -4.51    43.16     0.000
   36.81     7.45   -13.93        36.81     7.45   -13.93     0.000
  -37.70     1.20   -36.64       -37.70     1.20   -36.64     0.000
    2.24    18.17     2.79         2.24    18.17     2.79     0.000
   29.66     7.13    20.14        29.66     7.13    20.14     0.000
  -21.97    -9.75   -49.33       -21.97    -9.75   -49.33     0.000
  -33.34   -27.58   -34.10       -33.34   -27.58   -34.10     0.000
   28.32   -12.10   -14.58        28.32   -12.10   -14.58     0.000
   -4.50    -0.57   -31.61        -4.50    -0.57   -31.61     0.000
  -10.85     5.21   -38.79       -10.85     5.21   -38.79     0.000
   -4.98    -2.58    45.22        -4.98    -2.58    45.22     0.000
  -22.89   -13.93    -5.84       -22.89   -13.93    -5.84     0.000
  -29.36   -31.19   -25.58       -29.36   -31.19   -25.58     0.000
  -22.34   -32.70   -25.03       -22.34   -32.70   -25.03     0.000
  -13.32    16.45    17.48       -13.32    16.45    17.48     0.000
    0.42    20.42     7.97         0.42    20.42     7.97     0.000
   -2.73    -4.82    50.86        -2.73    -4.82    50.86     0.000
  -39.28   -17.88   -15.06       -39.28   -17.88   -15.06     0.000
   -9.29     2.37    23.58        -9.29     2.37    23.58     0.000
  -21.08     7.13   -39.91       -21.08     7.13   -39.91     0.000
    8.34   -13.82     2.41         8.34   -13.82     2.41     0.000
   20.90    13.32    52.80        20.90    13.32    52.80     0.000
  -41.02   -17.20   -18.10       -41.02   -17.20   -18.10     0.000
  -19.86     3.57   -43.33       -19.86     3.57   -43.33     0.000
  -30.41     6.18   -38.16       -30.41     6.18   -38.16     0.000
    7.43    24.87    14.45         7.43    24.87    14.45     0.000
   37.36    12.15     6.77        37.36    12.15     6.77     0.000
  -31.77     7.68   -18.66       -31.77     7.68   -18.66     0.000
  -29.51   -30.98   -23.94       -29.51   -30.98   -23.94     0.000
   15.99    10.39   -21.72        15.99    10.39   -21.72     0.000
   -7.09     7.95    41.61        -7.09     7.95    41.61     0.000
   -5.94   -25.50   -33.09        -5.94   -25.50   -33.09     0.000
  -31.86   -18.73    -8.56       -31.86   -18.73    -8.56     0.000
   -3.20    24.13    21.27        -3.20    24.13    21.27     0.000
   -9.63    -7.93   -46.50        -9.63    -7.93   -46.50     0.000
    3.96    -3.95   -24.31         3.96    -3.95   -24.31     0.000
   -2.19    17.27    48.19        -2.19    17.27    48.19     0.000
   35.60    -3.88   -15.02        35.60    -3.88   -15.02     0.000
   18.14    25.68   -12.11        18.14    25.68   -12.11     0.000
   31.31    10.76    15.60        31.31    10.76    15.60     0.000
   -7.07     4.84   -32.75        -7.07     4.84   -32.75     0.000
  -40.33   -18.61   -17.82       -40.33   -18.61   -17.82     0.000
  -16.79    10.16   -36.13       -16.79    10.16   -36.13     0.000
   36.68    12.59     7.88        36.68    12.59     7.88     0.000
  -36.23     3.81   -34.36       -36.23     3.81   -34.36     0.000
   -2.01   -22.09   -31.81        -2.01   -22.09   -31.81     0.000
    3.91   -15.71    -5.68         3.91   -15.71    -5.68     0.000
   17.26   -17.45    -7.35        17.26   -17.45    -7.35     0.000
  -31.10    -4.11    -9.46       -31.10    -4.11    -9.46     0.000
  -43.05    -4.98   -20.34       -43.05    -4.98   -20.34     0.000
   36.97    12.33    -8.48        36.97    12.33    -8.48     0.000
   -6.74     3.01    51.74        -6.74     3.01    51.74     0.000
   17.63   -16.09   -14.51        17.63   -16.09   -14.51     0.000
  -11.60    21.66    18.72       -11.60    21.66    18.72     0.000
  -12.10    -3.02   -46.17       -12.10    -3.02   -46.17     0.000
   25.83    -6.50    11.80        25.83    -6.50    11.80     0.000
  -14.59   -31.19   -22.22       -14.59   -31.19   -22.22     0.000
  -16.80     4.95   -11.29       -16.80     4.95   -11.29     0.000
   33.70     1.07    13.69        33.70     1.07    13.69     0.000
   -7.11    25.06    26.38        -7.11    25.06    26.38     0.000
   39.80     5.25     2.71        39.80     5.25     2.71     0.000
   29.69    15.37    14.66        29.69    15.37    14.66     0.000
  -26.93   -31.03   -19.28       -26.93   -31.03   -19.28     0.000
  -14.82    12.01    26.62       -14.82    12.01    26.62     0.000
  -11.24    11.11    15.07       -11.24    11.11    15.07     0.000
   19.00    -4.75    32.29        19.00    -4.75    32.29     0.000
  -37.76   -10.90   -42.27       -37.76   -10.90   -42.27     0.000
   17.92    -5.53    29.33        17.92    -5.53    29.33     0.000
  -40.94   -11.00   -31.05       -40.94   -11.00   -31.05     0.000
   -4.22    13.46    59.48        -4.22    13.46    59.48     0.000
   38.53     0.29     4.56        38.53     0.29     4.56     0.000
   -9.87   -10.57     2.83        -9.87   -10.57     2.83     0.000
  -11.06     6.48     1.90       -11.06     6.48     1.90     0.000
  -28.92   -31.28   -24.01       -28.92   -31.28   -24.01     0.000
   -7.77    -4.59    22.04        -7.77    -4.59    22.04     0.000
    8.84    22.47    30.75         8.84    22.47    30.75     0.000
  -40.89   -11.35   -15.19       -40.89   -11.35   -15.19     0.000
   12.81    -6.14    35.16        12.81    -6.14    35.16     0.000
   -4.48    16.80    10.16        -4.48    16.80    10.16     0.000
   11.60    12.92    63.12        11.60    12.92    63.12     0.000
   19.57    -0.62    55.47        19.57    -0.62    55.47     0.000
  -19.11     8.83   -18.17       -19.11     8.83   -18.17     0.000
  -22.46    10.41   -18.88       -22.46    10.41   -18.88     0.000
    4.88   -14.16   -22.19         4.88   -14.16   -22.19     0.000
   27.84   -12.43   -15.16        27.84   -12.43   -15.16     0.000
  -16.07    11.72   -28.37       -16.07    11.72   -28.37     0.000
  -38.87   -12.50   -12.52       -38.87   -12.50   -12.52     0.000
   22.74    19.73    23.60        22.74    19.73    23.60     0.000
  -11.87   -29.53   -19.89       -11.87   -29.53   -19.89     0.000
   35.75    -3.33     7.92        35.75    -3.33     7.92     0.000
   -3.87    14.87    50.83        -3.87    14.87    50.83     0.000
   21.58   -11.16   -21.52        21.58   -11.16   -21.52     0.000
  -13.92    14.96    33.52       -13.92    14.96    33.52     0.000
   12.37    22.04   -15.51        12.37    22.04   -15.51     0.000
   33.93    -6.28   -16.33        33.93    -6.28   -16.33     0.000
  -30.79   -24.77   -40.91       -30.79   -24.77   -40.91     0.000
    1.18    -2.16   -25.40         1.18    -2.16   -25.40     0.000
   22.92    25.34    -3.30        22.92    25.34    -3.30     0.000
   36.12    12.83   -11.75        36.12    12.83   -11.75     0.000
   19.18    -8.62   -22.81        19.18    -8.62   -22.81     0.000
    7.41    12.00    63.23         7.41    12.00    63.23     0.000
  -19.59   -15.68   -48.38       -19.59   -15.68   -48.38     0.000
    3.43    18.53    61.58         3.43    18.53    61.58     0.000
  -34.55     7.53   -26.48       -34.55     7.53   -26.48     0.000
   15.63   -12.94     2.94        15.63   -12.94     2.94     0.000
  -23.38     9.67   -18.24       -23.38     9.67   -18.24     0.000
   -0.81   -11.24   -34.48        -0.81   -11.24   -34.48     0.000
  -15.90    17.82    22.11       -15.90    17.82    22.11     0.000
  -12.61     8.25   -35.88       -12.61     8.25   -35.88     0.000
