200 PA4-F-Debug-Answer.txt 0
   15.03    -5.71    35.56        15.02    -5.66    35.56     0.051
  -16.32    -1.12     1.46       -16.36    -1.11     1.48     0.054
   20.88   -11.67     0.48        20.86   -11.63     0.46     0.046
  -25.42   -23.08    -8.42       -25.42   -23.05    -8.45     0.040
    3.15    -5.45    63.51         3.14    -5.45    63.46     0.048
   35.85     5.48   -19.12        35.78     5.49   -19.10     0.068
  -39.90   -22.04   -23.33       -39.85   -22.00   -23.34     0.070
   -6.86     9.20    -1.86        -6.82     9.15    -1.85     0.060
  -28.19   -29.55   -35.77       -28.17   -29.48   -35.73     0.083
    7.66    12.83    -9.45         7.66    12.83    -9.44     0.007
   14.58    24.88    14.36        14.58    24.91    14.36     0.033
    1.15    -5.85   -27.15         1.15    -5.86   -27.15     0.001
   12.75    23.90    20.84        12.75    23.95    20.84     0.050
    9.72    22.92    -6.58         9.60    23.01    -6.66     0.165
  -25.54    11.33   -22.79       -25.54    11.34   -22.79     0.020
   23.41    11.84    42.29        23.18    11.77    42.27     0.241
   22.10    25.67     0.86        22.06    25.55     0.85     0.130
   -5.67    -0.65    57.24        -5.72    -0.67    57.24     0.052
  -40.55     1.12   -24.44       -40.55     1.12   -24.44     0.002
  -19.04   -30.59   -16.86       -19.01   -30.69   -16.76     0.146
   33.63    16.63    -1.58        33.70    16.69    -1.60     0.097
   14.83    25.73    11.14        14.84    25.74    11.15     0.014
   -9.97    17.57    38.02       -10.02    17.59    38.08     0.078
    6.56    20.73    -3.47         6.47    20.79    -3.50     0.108
  -16.52     5.32   -42.21       -16.50     5.37   -42.27     0.073
   11.76    24.07    20.79        11.76    24.01    20.78     0.053
   31.53    -6.91     6.70        31.55    -6.94     6.71     0.039
  -12.86    10.97    20.13       -12.89    10.95    20.12     0.035
  -35.38     3.32   -36.90       -35.44     3.40   -36.96     0.118
   23.61   -10.22     1.03        23.62   -10.26     1.05     0.043
   18.97    19.88   -28.93        19.02    19.93   -29.00     0.097
  -18.27     6.59   -41.01       -18.26     6.51   -40.95     0.098
  -18.68    -5.80   -48.36       -18.69    -5.80   -48.34     0.020
   11.38    25.58    -4.64        11.33    25.69    -4.66     0.129
   13.28    -5.78    53.44        13.32    -5.86    53.43     0.087
  -27.33   -30.57   -18.10       -27.28   -30.50   -18.13     0.092
  -11.39   -29.97   -30.39       -11.34   -30.05   -30.40     0.088
   -1.79    15.48    61.78        -1.79    15.48    61.78     0.004
   -4.62    14.36     7.87        -4.68    14.43     7.79     0.127
  -37.74   -22.71   -34.79       -37.74   -22.71   -34.79     0.008
  -22.29    10.68   -34.63       -22.29    10.70   -34.63     0.016
    8.07   -15.06    -1.98         8.03   -15.18    -1.96     0.121
  -32.52   -22.85   -41.41       -32.52   -22.85   -41.42     0.014
   20.36   -10.73     2.43        20.38   -10.77     2.45     0.056
   -5.33    -3.44    36.84        -5.34    -3.45    36.85     0.013
   21.62    -2.93    33.93        21.60    -2.91    33.92     0.030
   27.10    -3.86   -26.75        27.10    -3.87   -26.76     0.011
  -26.51    -8.61    -6.82       -26.51    -8.62    -6.83     0.013
   40.59     3.70    -4.61        40.59     3.70    -4.61     0.001
   28.21    22.12    -5.98        28.31    22.24    -5.97     0.161
    2.43    21.11    37.01         2.43    21.21    37.04     0.104
   11.50     4.46    62.92        11.49     4.47    62.96     0.040
   28.60     3.34    22.42        28.62     3.34    22.43     0.025
   12.54    11.18    63.14        12.54    11.18    63.11     0.028
   17.84   -10.10   -20.74        17.84   -10.11   -20.75     0.014
  -42.77   -16.33   -23.81       -42.72   -16.31   -23.82     0.056
    2.77    22.01     6.96         2.81    21.96     6.97     0.068
  -20.44   -11.26   -49.60       -20.45   -11.25   -49.50     0.101
   31.32    -3.14   -25.43        31.33    -3.15   -25.44     0.018
  -35.72     2.81   -37.41       -35.73     2.82   -37.41     0.005
  -11.77   -15.47    -4.16       -11.77   -15.48    -4.16     0.009
   22.71    -1.21    34.63        22.82    -1.31    34.67     0.156
   -0.17   -14.69   -33.83        -0.20   -14.69   -33.82     0.028
  -14.79    10.97   -30.00       -14.85    10.86   -29.98     0.128
   -3.68   -17.91    -8.18        -3.69   -17.81    -8.22     0.103
   19.58    23.77    14.96        19.56    23.69    14.95     0.082
  -39.73   -16.46   -14.87       -39.72   -16.46   -14.88     0.009
   -3.45    -8.85   -40.40        -3.43    -8.84   -40.42     0.030
   -5.38   -10.41     7.30        -5.43   -10.58     7.35     0.183
  -10.91    -7.44     6.59       -10.93    -7.46     6.61     0.038
   -8.21    17.65    13.98        -8.21    17.65    13.97     0.007
   19.72    25.74     7.13        19.66    25.56     7.08     0.192
  -42.91   -16.74   -25.78       -42.81   -16.69   -25.78     0.118
  -25.19   -26.67   -11.45       -25.19   -26.69   -11.44     0.024
   -5.04   -25.38   -20.35        -5.04   -25.37   -20.35     0.004
  -42.38    -7.32   -18.14       -42.44    -7.32   -18.10     0.072
   17.90    25.79   -11.45        17.90    25.78   -11.45     0.004
   -5.44   -24.66   -34.54        -5.54   -24.56   -34.50     0.153
   12.65    23.80   -11.35        12.65    23.81   -11.35     0.017
  -11.11     8.18   -16.86       -11.10     8.22   -16.85     0.040
   13.52     7.39    62.98        13.51     7.39    63.03     0.044
    9.67    20.15    -9.75         9.60    20.17    -9.78     0.082
  -30.17   -19.88    -7.93       -30.16   -19.87    -7.95     0.027
   12.14    -6.15    61.07        12.17    -6.21    61.07     0.066
   32.06     5.24   -26.10        32.01     5.24   -26.07     0.055
   -7.83    25.01    25.92        -7.83    25.09    25.92     0.080
    7.58    25.28    13.86         7.61    25.05    13.82     0.232
   21.60    -2.31    37.32        21.38    -2.11    37.28     0.297
   -3.07   -21.03   -14.88        -3.05   -21.08   -14.87     0.057
   24.69    -6.11   -25.59        24.69    -6.10   -25.57     0.029
    1.73    18.45    57.22         1.81    18.22    57.19     0.244
    3.83    -8.86    21.81         3.79    -8.72    21.78     0.149
   24.76    -8.63   -24.24        24.76    -8.64   -24.25     0.010
    7.24   -16.02    -5.39         7.27   -15.86    -5.42     0.165
   11.73    19.90   -21.68        11.72    19.91   -21.68     0.016
   36.46    -1.80     9.05        36.49    -1.82     9.07     0.037
  -40.37    -7.09   -14.50       -40.35    -7.09   -14.51     0.021
   22.49   -15.09    -6.76        22.51   -15.11    -6.75     0.023
   -9.11    -4.73    14.55        -9.27    -4.82    14.58     0.193
    3.21   -17.68   -18.46         3.17   -17.61   -18.45     0.084
   -5.37    15.45     9.89        -5.46    15.51     9.84     0.120
   35.55    14.90    -9.77        35.58    14.92    -9.77     0.034
    3.12   -15.79   -23.26         3.09   -15.77   -23.24     0.045
   -9.01   -25.21   -14.78        -9.03   -25.18   -14.79     0.034
   -8.08   -26.42   -17.86        -7.96   -26.53   -17.79     0.170
   38.50    10.78    -0.24        38.51    10.78    -0.24     0.008
   -3.40    24.00    19.83        -3.40    24.02    19.83     0.015
    9.75    22.49    31.86         9.75    22.38    31.85     0.119
   -4.75    13.33    57.28        -4.63    13.24    57.27     0.142
   17.58   -16.82   -12.36        17.56   -16.94   -12.40     0.124
   -6.30    -4.48    27.42        -6.29    -4.47    27.42     0.015
  -34.26     5.23   -17.48       -34.39     5.35   -17.45     0.180
    9.18    26.18     6.22         9.18    26.16     6.22     0.018
   24.95    14.19    27.72        25.03    14.23    27.74     0.093
   -0.22   -11.32   -31.44        -0.15   -11.31   -31.46     0.069
   25.76    -5.24    15.18        25.77    -5.28    15.20     0.049
    8.39   -14.83    -0.42         8.38   -14.85    -0.41     0.028
    7.60    -7.32    62.55         7.59    -7.28    62.54     0.046
   -5.10    12.16    54.54        -5.15    12.18    54.54     0.056
  -14.72   -10.62   -48.37       -14.72   -10.62   -48.35     0.013
   -6.99     4.33    36.23        -7.04     4.32    36.23     0.050
  -31.13     9.56   -25.29       -31.13     9.57   -25.29     0.007
  -11.40    21.98    19.03       -11.44    22.04    18.97     0.088
   13.57    21.76   -28.79        13.55    21.84   -28.84     0.101
    0.83    16.09     1.98         0.79    16.16     1.95     0.086
   14.10   -17.41    -5.88        14.10   -17.34    -5.90     0.067
   15.55    16.27    62.69        15.56    16.28    62.71     0.026
  -10.25    12.23    13.83       -10.22    12.22    13.85     0.041
   36.01    13.29     7.99        36.02    13.30     8.00     0.020
  -37.44    -1.03   -39.48       -37.38    -1.08   -39.43     0.091
  -40.16    -7.63   -37.82       -40.11    -7.63   -37.80     0.050
   32.08    -0.14   -25.21        32.15    -0.14   -25.26     0.087
  -15.32     0.71     3.11       -15.32     0.71     3.11     0.002
  -12.87    -5.96     5.77       -12.94    -5.98     5.81     0.084
   -1.01   -15.06   -36.04        -1.05   -15.06   -36.02     0.041
   -2.29    20.98    38.69        -2.27    20.86    38.64     0.128
   17.69    20.60    40.22        17.65    20.57    40.21     0.050
  -27.08    -4.56   -47.87       -27.07    -4.55   -47.90     0.037
   -0.64    -6.57    35.47        -0.69    -6.75    35.52     0.195
   -9.54   -28.02   -34.26        -9.49   -28.09   -34.30     0.101
   -2.82   -20.31   -13.25        -2.78   -20.39   -13.21     0.088
    5.03   -17.18   -12.97         4.96   -17.04   -12.97     0.162
   -7.59     2.33    30.57        -7.60     2.33    30.58     0.009
   33.21     7.47   -23.93        33.26     7.47   -23.96     0.058
    2.12    -6.92    44.76         2.13    -6.81    44.76     0.106
   29.22    13.29    17.57        29.27    13.32    17.60     0.062
  -17.58     2.87    -7.82       -17.54     2.81    -7.85     0.078
   -7.25     8.74    41.91        -7.09     8.75    41.89     0.160
   -2.32     5.45   -22.09        -2.31     5.48   -22.12     0.045
    7.05    20.32    -5.42         7.08    20.31    -5.40     0.036
   -4.32    -2.94    54.07        -4.33    -2.95    54.07     0.012
   -4.76   -18.49   -39.87        -4.78   -18.48   -39.86     0.028
   18.71    25.94   -11.00        18.71    25.85   -10.98     0.089
   31.63     7.00   -26.70        31.71     7.01   -26.76     0.101
   -8.17    23.29    33.61        -8.16    23.26    33.59     0.031
   -7.23    14.65    41.39        -7.31    14.67    41.42     0.090
  -36.18   -26.10   -31.30       -36.13   -26.04   -31.29     0.072
  -12.32   -30.97   -25.83       -12.36   -30.90   -25.84     0.084
   -5.35     9.02    -5.17        -5.41     9.14    -5.19     0.142
    2.54   -11.87   -26.10         2.51   -11.87   -26.07     0.041
  -12.08     8.27   -35.35       -12.11     8.21   -35.33     0.071
  -24.68   -32.30   -30.93       -24.68   -32.28   -30.92     0.022
   21.86     4.64    53.57        21.83     4.65    53.56     0.038
  -19.16    -5.54    -2.29       -19.17    -5.55    -2.28     0.007
   14.88    14.67    63.14        14.89    14.67    63.13     0.010
   30.01    -8.73     0.33        30.08    -8.82     0.34     0.120
   -6.65    11.23    44.92        -6.58    11.22    44.91     0.070
  -19.57   -32.67   -28.50       -19.57   -32.69   -28.50     0.023
  -28.23   -25.33   -41.60       -28.27   -25.40   -41.67     0.109
  -14.63   -13.41   -48.50       -14.66   -13.40   -48.45     0.058
  -36.81   -18.71   -12.29       -36.85   -18.73   -12.26     0.062
   34.03    15.90     7.22        34.03    15.91     7.23     0.008
  -28.64   -24.30   -10.25       -28.67   -24.34   -10.22     0.060
  -10.14    24.37    29.61       -10.11    24.27    29.58     0.107
   -3.65    18.80    11.09        -3.65    18.81    11.08     0.007
  -39.57     2.60   -27.05       -39.51     2.56   -27.04     0.071
   17.03    -3.25    55.89        17.10    -3.31    55.90     0.097
   31.95    -7.31    -5.71        32.01    -7.35    -5.72     0.071
   18.15    16.31    58.97        18.09    16.26    58.96     0.076
  -43.09    -3.57   -26.65       -43.06    -3.59   -26.65     0.034
   -9.00   -12.49     0.63        -9.00   -12.47     0.62     0.016
   -4.98    -4.79    33.21        -4.90    -4.71    33.17     0.124
   -0.64    -9.08    22.95        -0.64    -9.12    22.96     0.038
   -6.44   -27.40   -26.45        -6.38   -27.49   -26.44     0.108
   -7.42    -6.22    20.29        -7.31    -6.13    20.27     0.145
    6.13    19.83    51.79         6.05    20.06    51.82     0.245
  -32.61     3.14   -39.75       -32.61     3.14   -39.75     0.002
   32.98    -7.52   -12.91        32.99    -7.52   -12.91     0.012
  -21.78   -31.04   -16.92       -21.75   -30.93   -16.96     0.124
  -25.89   -31.74   -32.40       -25.89   -31.74   -32.40     0.004
   12.21    21.18   -15.05        12.08    21.21   -15.07     0.132
    2.51    -5.14   -25.59         2.52    -5.13   -25.61     0.016
   -3.13    -4.37    54.51        -3.18    -4.41    54.50     0.067
    7.44    -7.39    62.39         7.43    -7.35    62.38     0.042
   12.71    15.92   -27.28        12.74    15.93   -27.27     0.029
    7.81    -8.29   -22.93         7.81    -8.29   -22.93     0.004
  -12.66   -25.03   -41.54       -12.64   -25.06   -41.58     0.051
   -8.36   -12.14     1.61        -8.35   -12.08     1.58     0.072
  -26.31   -29.14   -37.34       -26.34   -29.25   -37.39     0.123
   -6.36   -19.41    -9.59        -6.38   -19.39    -9.62     0.037
