75 PA4-A-Debug-Output.txt 0
   27.69    22.76     0.32        27.69    22.76     0.32     0.000
    2.13    -7.51    31.32         2.13    -7.51    31.32     0.000
   14.18    -0.90    62.99        14.18    -0.90    62.99     0.000
   19.10   -13.80    -1.65        19.10   -13.80    -1.65     0.000
   34.35     5.72   -22.13        34.35     5.72   -22.13     0.000
   -6.72    23.93    19.84        -6.72    23.93    19.84     0.000
   -1.31   -18.91   -34.89        -1.31   -18.91   -34.89     0.000
   -9.33    21.58    35.43        -9.33    21.58    35.43     0.000
  -11.91     9.15    17.84       -11.91     9.15    17.84     0.000
   10.50    15.38    63.14        10.50    15.38    63.14     0.000
  -33.49     5.65   -35.80       -33.49     5.65   -35.80     0.000
    4.08    -7.06    37.43         4.08    -7.06    37.43     0.000
    7.63    24.41     1.52         7.63    24.41     1.52     0.000
  -26.18     9.94   -34.15       -26.18     9.94   -34.15     0.000
  -16.28    15.24    22.54       -16.28    15.24    22.54     0.000
  -12.07   -25.34   -40.97       -12.07   -25.34   -40.97     0.000
  -32.68   -18.48    -8.94       -32.68   -18.48    -8.94     0.000
    1.57    -6.40   -26.83         1.57    -6.40   -26.83     0.000
    0.97    22.06    10.68         0.97    22.06    10.68     0.000
  -31.51   -30.11   -25.66       -31.51   -30.11   -25.66     0.000
  -10.43     7.25    24.90       -10.43     7.25    24.90     0.000
  -14.75   -23.81   -43.40       -14.75   -23.81   -43.40     0.000
  -35.47    -0.12   -40.86       -35.47    -0.12   -40.86     0.000
  -26.21     4.94   -14.19       -26.21     4.94   -14.19     0.000
   24.03     3.07    38.72        24.03     3.07    38.72     0.000
  -40.64   -16.15   -16.41       -40.64   -16.15   -16.41     0.000
   15.94     9.31   -20.51        15.94     9.31   -20.51     0.000
   23.45    24.73   -12.37        23.45    24.73   -12.37     0.000
   32.92    15.37    10.15        32.92    15.37    10.15     0.000
   31.42    -3.18   -25.32        31.42    -3.18   -25.32     0.000
  -12.99    -9.49     2.29       -12.99    -9.49     2.29     0.000
    7.68   -16.05    -6.55         7.68   -16.05    -6.55     0.000
  -21.50     2.21   -44.64       -21.50     2.21   -44.64     0.000
   -5.18    23.82    32.13        -5.18    23.82    32.13     0.000
   -4.57   -17.26    -6.93        -4.57   -17.26    -6.93     0.000
   -0.02    -9.35    21.53        -0.02    -9.35    21.53     0.000
   14.02     7.59    63.08        14.02     7.59    63.08     0.000
   11.28    18.71   -13.36        11.28    18.71   -13.36     0.000
   37.57    11.24    -6.77        37.57    11.24    -6.77     0.000
   -3.62    11.00    -2.29        -3.62    11.00    -2.29     0.000
   17.03    -6.61    20.67        17.03    -6.61    20.67     0.000
  -38.25     3.87   -28.45       -38.25     3.87   -28.45     0.000
   12.41   -17.08    -5.40        12.41   -17.08    -5.40     0.000
  -22.35     8.19   -38.66       -22.35     8.19   -38.66     0.000
   -6.96     6.60    44.82        -6.96     6.60    44.82     0.000
   22.03     8.61    53.85        22.03     8.61    53.85     0.000
   26.13     4.31    30.71        26.13     4.31    30.71     0.000
   25.35    23.76     4.37        25.35    23.76     4.37     0.000
  -25.87   -17.08    -6.72       -25.87   -17.08    -6.72     0.000
  -39.37   -22.76   -29.22       -39.37   -22.76   -29.22     0.000
   28.40    -2.37   -27.19        28.40    -2.37   -27.19     0.000
   21.58    25.55    -6.28        21.58    25.55    -6.28     0.000
   30.68     6.79    18.25        30.68     6.79    18.25     0.000
  -37.13   -10.86   -43.21       -37.13   -10.86   -43.21     0.000
  -14.71    -4.84     3.96       -14.71    -4.84     3.96     0.000
   -8.96    -1.96    21.18        -8.96    -1.96    21.18     0.000
    4.48     6.96    63.37         4.48     6.96    63.37     0.000
   -1.57     7.13   -19.22        -1.57     7.13   -19.22     0.000
  -37.93    -7.66   -10.87       -37.93    -7.66   -10.87     0.000
   12.32    -8.48    14.78        12.32    -8.48    14.78     0.000
   19.22     1.99   -24.19        19.22     1.99   -24.19     0.000
    3.87    18.73    60.57         3.87    18.73    60.57     0.000
   13.59   -15.13   -14.40        13.59   -15.13   -14.40     0.000
   20.98    24.89   -22.09        20.98    24.89   -22.09     0.000
  -40.44   -14.13   -15.21       -40.44   -14.13   -15.21     0.000
    0.00    -9.85   -29.87         0.00    -9.85   -29.87     0.000
   -3.09    11.95    -0.75        -3.09    11.95    -0.75     0.000
    1.41    17.86    59.25         1.41    17.86    59.25     0.000
    1.65    19.54    45.52         1.65    19.54    45.52     0.000
    6.07    22.34    31.19         6.07    22.34    31.19     0.000
   23.71     5.29    42.41        23.71     5.29    42.41     0.000
   27.62     1.27    24.08        27.62     1.27    24.08     0.000
   27.89     3.96   -29.97        27.89     3.96   -29.97     0.000
   19.24    24.95     9.77        19.24    24.95     9.77     0.000
  -43.55    -7.51   -21.88       -43.55    -7.51   -21.88     0.000
