200 PA4-E-Debug-Output.txt 0
  -39.03   -13.65   -40.21       -39.00   -13.65   -40.20     0.027
   15.09   -13.63     1.64        15.10   -13.67     1.66     0.049
   13.13    25.81    -6.70        13.12    25.86    -6.72     0.059
  -31.54    -7.29   -46.61       -31.53    -7.30   -46.59     0.020
    3.36    -7.72    28.05         3.36    -7.68    28.05     0.045
  -28.54   -31.04   -31.04       -28.55   -31.06   -31.04     0.021
   20.86    16.39    42.09        20.81    16.36    42.08     0.055
  -37.54   -23.35   -34.12       -37.55   -23.36   -34.12     0.015
    6.03    -7.43    26.83         6.04    -7.48    26.84     0.053
  -21.00   -14.75   -48.57       -21.00   -14.75   -48.56     0.004
   -9.91   -28.09   -34.77        -9.90   -28.11   -34.78     0.025
   32.08     3.77   -25.64        32.13     3.77   -25.67     0.054
    4.99   -12.33     6.39         4.99   -12.30     6.39     0.027
   -5.90    -0.19    49.36        -5.88    -0.18    49.36     0.026
   30.26    20.81    -0.44        30.26    20.81    -0.44     0.003
   -7.00    25.10    24.44        -7.00    25.04    24.44     0.069
   11.87    20.40   -22.76        11.84    20.42   -22.76     0.032
  -12.60     4.78     7.87       -12.52     4.72     7.86     0.100
  -32.67   -10.98   -46.46       -32.67   -10.98   -46.45     0.008
   26.24    -6.12    12.42        26.25    -6.13    12.43     0.011
   20.89    -0.01    49.43        20.87     0.00    49.43     0.028
   18.20     0.28    62.21        18.23     0.25    62.25     0.052
   29.91    20.95    -1.37        29.96    21.01    -1.37     0.072
   25.86    -9.11     3.46        25.86    -9.15     3.48     0.036
  -14.46    -5.80   -47.67       -14.46    -5.80   -47.67     0.000
  -35.05   -27.70   -26.63       -35.02   -27.66   -26.63     0.058
   27.26    -7.22     9.70        27.25    -7.05     9.65     0.174
   -3.03   -12.30   -39.44        -2.93   -12.32   -39.52     0.127
   -5.17    24.81    24.82        -5.17    24.81    24.82     0.001
   -4.48    24.47    23.07        -4.47    24.50    23.06     0.030
   28.45    20.85   -20.51        28.35    20.74   -20.44     0.161
  -39.67   -16.65   -14.71       -39.59   -16.62   -14.77     0.106
   23.64   -12.20    -2.65        23.61   -12.14    -2.69     0.081
   20.82   -10.67   -21.59        20.82   -10.68   -21.63     0.049
  -35.27    -0.22   -41.03       -35.29    -0.19   -41.07     0.051
   17.83   -17.16    -5.64        17.83   -17.13    -5.64     0.027
   10.02    26.36     4.19        10.03    26.32     4.19     0.042
  -15.89   -13.95   -48.46       -15.89   -13.96   -48.47     0.011
  -43.13   -14.27   -23.14       -43.22   -14.28   -23.12     0.098
   34.52    -4.22    -1.82        34.47    -4.17    -1.82     0.071
    6.91    21.91    33.47         6.91    21.94    33.48     0.030
   21.40    -0.59    44.44        21.40    -0.59    44.44     0.000
   -8.09    18.04    39.34        -8.11    18.06    39.36     0.031
   36.11    12.14   -12.35        36.23    12.16   -12.36     0.120
   14.19    22.62   -27.13        14.16    22.66   -27.11     0.055
    2.24    22.52     9.40         2.18    22.62     9.35     0.131
  -25.56   -32.39   -26.88       -25.57   -32.40   -26.88     0.007
  -14.96    -1.40   -46.78       -14.97    -1.42   -46.72     0.065
    5.30    20.13    44.92         5.28    20.27    44.93     0.133
   30.05    17.27    12.37        30.01    17.24    12.35     0.054
   16.79    22.20   -28.45        16.79    22.21   -28.46     0.008
   -3.39    -3.06   -32.75        -3.32    -3.04   -32.76     0.075
  -17.44   -22.50   -45.01       -17.43   -22.52   -45.04     0.041
   22.88     6.05   -30.10        22.90     6.05   -30.03     0.076
   20.73    -9.04     5.91        20.75    -9.12     5.94     0.087
   20.88    15.86    42.15        21.03    15.95    42.18     0.180
   26.54    23.46    -7.71        26.54    23.45    -7.71     0.019
   38.69     3.64   -11.84        38.67     3.64   -11.83     0.015
  -16.43   -11.65    -2.60       -16.39   -11.60    -2.68     0.108
  -33.07    -6.82    -8.83       -33.09    -6.79    -8.76     0.082
   15.54    -8.58   -21.81        15.55    -8.57   -21.79     0.025
   -2.18    16.13    54.05        -2.17    16.12    54.05     0.014
   -5.30     0.15    62.66        -5.34     0.14    62.70     0.057
   29.50    16.09    14.51        29.46    16.06    14.48     0.065
   -2.01   -19.69   -35.11        -1.95   -19.73   -35.16     0.083
   -8.95     6.19    28.72        -8.99     6.17    28.74     0.051
   23.74     4.92    42.13        23.71     4.92    42.12     0.029
   -0.31    -6.13    57.58        -0.35    -6.24    57.59     0.117
    0.15     1.45    63.47         0.15     1.45    63.44     0.029
   -4.45    11.64     1.77        -4.51    11.71     1.75     0.095
    9.51    24.02    -5.30         9.60    23.93    -5.25     0.130
   38.49     7.28     7.21        38.57     7.30     7.26     0.093
   24.60     4.71    36.46        24.67     4.70    36.47     0.069
  -36.94    -3.83   -41.52       -36.94    -3.83   -41.52     0.002
   14.32    -5.05    58.52        14.32    -5.05    58.52     0.004
   23.27    23.61     9.67        23.24    23.53     9.65     0.089
   -1.87   -21.78   -32.86        -2.00   -21.71   -32.84     0.143
  -39.97   -16.36   -32.98       -39.96   -16.36   -32.98     0.014
   29.63    13.52   -26.05        29.60    13.49   -26.03     0.045
   -2.97    18.41    44.63        -2.92    18.31    44.59     0.119
  -11.14   -20.87    -9.51       -11.15   -20.89    -9.49     0.026
   22.18     5.29    51.78        22.22     5.28    51.78     0.043
   -7.80     7.83   -21.28        -7.80     7.84   -21.28     0.007
   -0.86    18.31     7.44        -0.97    18.40     7.37     0.158
  -33.84   -28.55   -27.75       -33.79   -28.48   -27.74     0.084
  -14.74   -31.04   -33.05       -14.79   -30.89   -33.02     0.156
  -27.17    11.22   -24.07       -27.18    11.25   -24.07     0.031
  -29.84     6.96   -37.19       -29.86     7.01   -37.20     0.049
   34.14     8.22   -21.91        34.16     8.22   -21.92     0.028
   17.87    22.59    24.53        17.88    22.62    24.53     0.032
   -9.94    -5.19   -45.58        -9.90    -5.16   -45.62     0.063
   31.35    10.23   -26.28        31.34    10.22   -26.27     0.011
  -12.10    -4.98   -46.97       -12.09    -4.97   -47.00     0.039
   37.20    -1.61    -3.23        37.12    -1.52    -3.24     0.119
   -3.66   -21.69   -35.68        -3.69   -21.67   -35.67     0.037
  -25.44   -23.53   -43.87       -25.44   -23.52   -43.85     0.020
   30.51     6.10    18.83        30.45     6.10    18.80     0.066
  -35.27   -21.24   -12.55       -35.30   -21.26   -12.50     0.067
  -35.43    -8.30    -8.60       -35.42    -8.31    -8.62     0.031
  -12.92   -31.00   -29.22       -12.93   -30.99   -29.22     0.013
   27.76    -7.38   -24.28        27.77    -7.41   -24.33     0.050
   -2.89     6.92    63.40        -2.89     6.92    63.34     0.062
   21.66    14.07    44.08        21.71    14.09    44.08     0.048
   22.81    18.19    27.16        22.80    18.18    27.16     0.008
   35.83    14.55    -8.14        35.77    14.50    -8.15     0.077
    0.40    20.37     8.05         0.36    20.40     8.03     0.054
  -15.60   -12.35   -48.56       -15.59   -12.35   -48.49     0.062
   22.34     4.65    50.30        22.35     4.65    50.30     0.009
   24.84   -12.25    -3.57        24.86   -12.29    -3.53     0.055
   -1.08    24.09    24.57        -1.08    24.04    24.57     0.052
   35.27    -4.16   -17.11        35.30    -4.18   -17.12     0.036
    4.72    24.25    15.59         4.70    24.49    15.62     0.244
   -4.29   -10.43     9.00        -4.29   -10.41     9.00     0.022
   21.52   -10.59   -21.76        21.52   -10.58   -21.73     0.026
  -12.46   -25.18   -41.46       -12.49   -25.14   -41.42     0.072
   -5.02    -1.75   -38.59        -5.04    -1.77   -38.57     0.035
    7.32   -15.39    -3.84         7.31   -15.42    -3.83     0.039
   20.21    25.38   -20.77        20.19    25.34   -20.77     0.037
   -0.07   -13.16     0.74        -0.09   -13.03     0.69     0.142
    3.87    19.79    48.45         3.91    19.63    48.44     0.156
   16.39    -7.65    15.63        16.38    -7.55    15.61     0.092
   20.30    -2.28    44.96        20.08    -2.04    44.89     0.331
   -6.50    12.73    44.96        -6.36    12.71    44.94     0.144
   34.37    11.35   -20.22        34.25    11.31   -20.17     0.135
   33.33    15.20   -16.65        33.38    15.22   -16.68     0.060
   -7.69     8.23   -13.01        -7.69     8.19   -13.01     0.041
   -4.90     0.34   -35.15        -4.97     0.30   -35.13     0.081
   18.84    25.62   -12.37        18.83    25.71   -12.38     0.087
    4.50   -16.64   -19.21         4.50   -16.63   -19.21     0.005
   29.79     9.56    19.60        29.70     9.52    19.56     0.111
    9.37    -7.39    21.23         9.38    -7.52    21.25     0.137
    6.99    24.06    20.81         6.99    23.96    20.80     0.095
   18.62     3.67    62.94        18.64     3.68    63.00     0.061
   36.91     2.43    10.25        36.86     2.43    10.21     0.065
   15.43    -4.68    56.44        15.39    -4.60    56.43     0.090
   39.07     2.23     6.62        39.07     2.23     6.62     0.008
   13.36    -5.65    56.29        13.42    -5.74    56.30     0.105
  -12.14   -11.79   -47.36       -12.14   -11.79   -47.35     0.009
   -0.39   -14.75   -34.45        -0.38   -14.75   -34.45     0.008
   -5.78    10.60    57.11        -5.89    10.66    57.10     0.117
  -19.61   -12.49    -4.36       -19.61   -12.49    -4.35     0.011
  -15.65   -13.98    -4.05       -15.65   -13.98    -4.05     0.001
   19.87    -7.46   -23.59        19.87    -7.46   -23.59     0.003
  -22.02   -23.25    -8.41       -22.02   -23.26    -8.40     0.016
    7.04    11.72   -10.24         7.05    11.68   -10.20     0.055
   36.88    -2.51    -8.35        36.83    -2.46    -8.36     0.065
   24.14     6.27   -30.35        24.14     6.27   -30.36     0.011
   39.61     1.87    -3.43        39.61     1.87    -3.43     0.004
    8.18   -15.37   -16.65         8.14   -15.30   -16.61     0.095
    6.52   -14.19   -20.43         6.50   -14.17   -20.42     0.029
  -17.34    11.07   -33.16       -17.33    11.11   -33.17     0.041
  -44.17    -8.16   -25.64       -44.14    -8.17   -25.63     0.027
    1.01     5.87   -19.62         1.01     5.87   -19.62     0.000
  -40.42   -15.06   -31.74       -40.41   -15.07   -31.74     0.017
   19.81   -13.64    -1.84        19.80   -13.62    -1.85     0.027
  -16.37    10.19   -35.70       -16.39    10.16   -35.69     0.039
   -9.46   -21.89   -10.42        -9.46   -21.90   -10.41     0.011
   -5.56    -1.37    53.03        -5.48    -1.31    53.04     0.097
   -8.93    17.51    14.27        -8.88    17.49    14.34     0.089
   -6.47     4.61   -29.35        -6.38     4.68   -29.38     0.119
  -35.70     3.71   -15.89       -35.62     3.65   -16.02     0.168
   10.57    -6.89    56.56        10.55    -6.77    56.56     0.123
  -20.65     2.66   -44.28       -20.66     2.62   -44.22     0.072
   17.03    20.95    39.83        17.04    21.00    39.84     0.046
  -23.81    -2.24   -47.67       -23.81    -2.24   -47.65     0.025
  -28.62     6.31   -15.15       -28.62     6.32   -15.13     0.023
   -6.70     4.18    36.52        -7.00     4.14    36.54     0.298
   11.22    11.32    63.13        11.22    11.32    63.14     0.015
   -6.55   -11.57     3.71        -6.56   -11.60     3.72     0.029
   17.48    23.68    18.43        17.45    23.58    18.41     0.106
  -31.02   -29.58   -20.93       -31.07   -29.65   -20.92     0.088
   35.09    -3.74    -6.17        35.13    -3.79    -6.16     0.065
   13.88   -12.42     4.66        13.88   -12.43     4.67     0.014
   26.13     4.17    31.25        25.99     4.18    31.22     0.139
   23.72     9.56    42.26        23.66     9.55    42.25     0.058
   38.70     0.30   -10.99        38.83     0.22   -10.99     0.154
  -13.48    19.51    33.91       -13.55    19.54    33.98     0.106
  -19.99    -1.87    -4.66       -19.89    -1.94    -4.72     0.138
   -8.84     5.69    28.97        -8.74     5.73    28.94     0.117
  -39.79   -12.83   -35.36       -39.78   -12.84   -35.36     0.011
   38.58     0.30     6.28        38.60     0.29     6.28     0.023
   -3.22    -4.59   -35.94        -3.14    -4.55   -35.92     0.084
   -5.66   -10.67     6.60        -5.68   -10.76     6.63     0.098
  -19.47    -4.17    -2.54       -19.46    -4.18    -2.55     0.009
  -39.12    -0.78   -36.33       -39.13    -0.78   -36.34     0.012
    6.69    -6.69    49.34         6.72    -6.92    49.34     0.229
  -17.07   -13.84    -4.56       -17.09   -13.87    -4.52     0.057
   28.25     7.72   -29.90        28.24     7.72   -29.88     0.021
  -20.35   -31.48   -17.62       -20.36   -31.54   -17.59     0.074
   32.62    -6.48     1.42        32.66    -6.53     1.42     0.065
   11.04     3.80   -18.28        11.04     3.82   -18.30     0.027
    9.16    22.85    -6.23         9.18    22.83    -6.21     0.027
  -28.30   -29.52   -35.50       -28.32   -29.56   -35.53     0.051
   37.94     0.63   -13.63        37.93     0.63   -13.63     0.008
   12.88    22.48    30.66        12.87    22.57    30.66     0.086
    5.14   -13.05   -22.47         5.17   -13.06   -22.50     0.042
   20.51    22.02    21.95        20.45    21.93    21.92     0.108
    3.52     1.61   -22.17         3.50     1.57   -22.12     0.061
    1.77   -12.02     6.83         1.79   -11.94     6.82     0.086
  -15.80    13.73    26.37       -15.60    13.81    26.39     0.215
