200 PA4-E-Debug-Answer.txt 0
  -39.01   -13.65   -40.22       -38.99   -13.64   -40.22     0.015
   15.09   -13.63     1.65        15.10   -13.67     1.67     0.043
   13.12    25.81    -6.67        13.11    25.87    -6.70     0.066
  -31.52    -7.28   -46.61       -31.51    -7.29   -46.60     0.018
    3.35    -7.74    28.06         3.35    -7.68    28.05     0.059
  -28.52   -31.04   -31.05       -28.53   -31.07   -31.06     0.029
   20.84    16.37    42.11        20.81    16.36    42.11     0.036
  -37.52   -23.35   -34.13       -37.54   -23.37   -34.14     0.027
    6.02    -7.44    26.84         6.03    -7.48    26.85     0.041
  -20.97   -14.74   -48.57       -20.98   -14.74   -48.57     0.002
   -9.89   -28.08   -34.77        -9.88   -28.10   -34.78     0.022
   32.09     3.78   -25.62        32.14     3.78   -25.65     0.059
    4.99   -12.33     6.40         4.99   -12.30     6.40     0.032
   -5.92    -0.21    49.37        -5.87    -0.20    49.37     0.052
   30.26    20.81    -0.41        30.26    20.81    -0.41     0.003
   -7.01    25.09    24.46        -7.01    25.04    24.46     0.054
   11.88    20.41   -22.74        11.85    20.42   -22.73     0.032
  -12.60     4.77     7.88       -12.52     4.71     7.87     0.099
  -32.65   -10.97   -46.47       -32.65   -10.97   -46.46     0.010
   26.24    -6.12    12.44        26.24    -6.12    12.44     0.000
   20.87    -0.03    49.45        20.85    -0.02    49.45     0.022
   18.18     0.26    62.23        18.20     0.24    62.26     0.040
   29.91    20.95    -1.34        29.96    21.01    -1.34     0.073
   25.86    -9.11     3.48        25.86    -9.14     3.49     0.030
  -14.43    -5.79   -47.67       -14.43    -5.79   -47.67     0.001
  -35.04   -27.70   -26.64       -35.01   -27.66   -26.64     0.048
   27.26    -7.22     9.72        27.25    -7.05     9.67     0.180
   -3.01   -12.29   -39.43        -2.92   -12.31   -39.51     0.118
   -5.18    24.80    24.84        -5.18    24.82    24.84     0.018
   -4.49    24.46    23.08        -4.48    24.50    23.08     0.048
   28.45    20.86   -20.48        28.36    20.75   -20.41     0.158
  -39.66   -16.66   -14.72       -39.59   -16.63   -14.77     0.094
   23.64   -12.20    -2.63        23.61   -12.13    -2.68     0.090
   20.83   -10.66   -21.57        20.83   -10.68   -21.63     0.067
  -35.25    -0.22   -41.03       -35.28    -0.18   -41.07     0.054
   17.84   -17.15    -5.63        17.84   -17.13    -5.63     0.027
   10.02    26.35     4.22        10.02    26.31     4.22     0.040
  -15.87   -13.94   -48.46       -15.87   -13.94   -48.47     0.011
  -43.12   -14.27   -23.16       -43.22   -14.29   -23.13     0.112
   34.53    -4.21    -1.80        34.47    -4.17    -1.80     0.070
    6.90    21.90    33.49         6.89    21.94    33.50     0.040
   21.38    -0.61    44.46        21.39    -0.61    44.46     0.004
   -8.11    18.02    39.36        -8.13    18.04    39.37     0.023
   36.12    12.15   -12.32        36.23    12.17   -12.33     0.120
   14.20    22.63   -27.10        14.17    22.66   -27.09     0.046
    2.23    22.52     9.42         2.17    22.62     9.36     0.141
  -25.55   -32.39   -26.89       -25.55   -32.40   -26.89     0.012
  -14.94    -1.39   -46.77       -14.95    -1.41   -46.71     0.069
    5.28    20.11    44.94         5.25    20.26    44.95     0.147
   30.04    17.26    12.40        30.00    17.23    12.38     0.059
   16.80    22.22   -28.42        16.80    22.22   -28.43     0.011
   -3.38    -3.05   -32.74        -3.32    -3.04   -32.75     0.061
  -17.42   -22.49   -45.01       -17.41   -22.51   -45.04     0.035
   22.89     6.06   -30.08        22.91     6.06   -30.03     0.050
   20.73    -9.04     5.93        20.74    -9.12     5.95     0.080
   20.86    15.85    42.17        21.03    15.95    42.21     0.199
   26.54    23.47    -7.68        26.53    23.45    -7.68     0.022
   38.69     3.65   -11.81        38.68     3.65   -11.80     0.008
  -16.42   -11.65    -2.60       -16.38   -11.60    -2.68     0.109
  -33.06    -6.83    -8.84       -33.09    -6.79    -8.76     0.090
   15.56    -8.57   -21.80        15.56    -8.56   -21.79     0.009
   -2.20    16.10    54.07        -2.19    16.09    54.07     0.013
   -5.33     0.13    62.67        -5.35     0.12    62.69     0.030
   29.49    16.09    14.54        29.44    16.05    14.50     0.072
   -1.99   -19.68   -35.11        -1.94   -19.72   -35.15     0.077
   -8.96     6.17    28.73        -8.99     6.16    28.74     0.032
   23.72     4.91    42.15        23.70     4.91    42.15     0.018
   -0.33    -6.16    57.59        -0.36    -6.24    57.60     0.085
    0.12     1.42    63.48         0.12     1.43    63.44     0.043
   -4.46    11.63     1.79        -4.52    11.71     1.76     0.101
    9.51    24.02    -5.28         9.59    23.94    -5.23     0.122
   38.49     7.28     7.24        38.55     7.30     7.28     0.079
   24.59     4.70    36.48        24.66     4.69    36.50     0.078
  -36.92    -3.83   -41.52       -36.92    -3.82   -41.53     0.005
   14.30    -5.07    58.53        14.30    -5.06    58.53     0.014
   23.27    23.61     9.70        23.24    23.53     9.68     0.090
   -1.85   -21.77   -32.86        -1.99   -21.70   -32.84     0.153
  -39.96   -16.36   -33.00       -39.95   -16.36   -32.99     0.004
   29.64    13.53   -26.02        29.61    13.51   -26.00     0.042
   -2.99    18.39    44.65        -2.95    18.29    44.61     0.115
  -11.14   -20.87    -9.51       -11.14   -20.89    -9.49     0.026
   22.15     5.27    51.80        22.21     5.26    51.81     0.057
   -7.79     7.83   -21.27        -7.79     7.83   -21.27     0.001
   -0.87    18.30     7.46        -0.98    18.40     7.38     0.166
  -33.82   -28.55   -27.76       -33.78   -28.49   -27.76     0.075
  -14.72   -31.03   -33.06       -14.77   -30.89   -33.02     0.157
  -27.16    11.22   -24.07       -27.17    11.25   -24.06     0.032
  -29.83     6.97   -37.18       -29.85     7.01   -37.20     0.049
   34.14     8.23   -21.88        34.17     8.23   -21.90     0.033
   17.86    22.58    24.56        17.87    22.62    24.56     0.043
   -9.92    -5.18   -45.57        -9.89    -5.16   -45.61     0.050
   31.36    10.24   -26.25        31.35    10.24   -26.25     0.007
  -12.08    -4.97   -46.96       -12.07    -4.96   -46.99     0.033
   37.20    -1.60    -3.21        37.12    -1.52    -3.22     0.119
   -3.64   -21.68   -35.68        -3.67   -21.66   -35.66     0.045
  -25.42   -23.52   -43.87       -25.42   -23.51   -43.86     0.017
   30.50     6.10    18.86        30.44     6.09    18.82     0.071
  -35.26   -21.24   -12.56       -35.30   -21.27   -12.50     0.078
  -35.42    -8.31    -8.60       -35.41    -8.32    -8.62     0.021
  -12.91   -31.00   -29.23       -12.91   -30.99   -29.23     0.014
   27.77    -7.37   -24.27        27.78    -7.40   -24.32     0.070
   -2.92     6.89    63.41        -2.92     6.89    63.34     0.075
   21.64    14.05    44.10        21.70    14.09    44.11     0.070
   22.79    18.18    27.19        22.80    18.18    27.19     0.003
   35.83    14.55    -8.11        35.76    14.50    -8.11     0.085
    0.39    20.36     8.07         0.35    20.40     8.04     0.062
  -15.58   -12.34   -48.55       -15.57   -12.33   -48.50     0.058
   22.32     4.63    50.32        22.34     4.63    50.32     0.021
   24.85   -12.25    -3.55        24.86   -12.28    -3.52     0.047
   -1.09    24.08    24.59        -1.10    24.04    24.59     0.040
   35.28    -4.15   -17.08        35.31    -4.17   -17.09     0.042
    4.70    24.24    15.61         4.69    24.49    15.64     0.249
   -4.29   -10.44     9.01        -4.29   -10.41     9.00     0.030
   21.53   -10.58   -21.74        21.54   -10.57   -21.74     0.007
  -12.44   -25.17   -41.47       -12.47   -25.12   -41.42     0.076
   -5.00    -1.74   -38.58        -5.04    -1.76   -38.56     0.048
    7.33   -15.39    -3.83         7.32   -15.42    -3.82     0.037
   20.21    25.39   -20.74        20.19    25.34   -20.74     0.047
   -0.07   -13.16     0.75        -0.08   -13.02     0.69     0.148
    3.85    19.76    48.47         3.89    19.63    48.46     0.142
   16.39    -7.65    15.64        16.38    -7.55    15.63     0.100
   20.29    -2.30    44.97        20.06    -2.05    44.91     0.335
   -6.52    12.71    44.97        -6.36    12.68    44.95     0.161
   34.38    11.36   -20.19        34.26    11.33   -20.14     0.132
   33.33    15.21   -16.62        33.39    15.23   -16.65     0.063
   -7.69     8.23   -12.99        -7.68     8.19   -13.00     0.042
   -4.89     0.35   -35.14        -4.97     0.30   -35.12     0.096
   18.84    25.63   -12.34        18.83    25.71   -12.35     0.084
    4.51   -16.63   -19.21         4.51   -16.63   -19.21     0.007
   29.79     9.55    19.63        29.69     9.52    19.58     0.111
    9.36    -7.40    21.25         9.37    -7.52    21.26     0.127
    6.97    24.05    20.83         6.98    23.96    20.82     0.088
   18.60     3.64    62.96        18.61     3.65    63.01     0.053
   36.91     2.43    10.28        36.85     2.43    10.23     0.080
   15.41    -4.70    56.46        15.36    -4.62    56.45     0.100
   39.06     2.23     6.65        39.07     2.23     6.65     0.003
   13.34    -5.68    56.30        13.39    -5.76    56.31     0.094
  -12.12   -11.78   -47.36       -12.12   -11.77   -47.35     0.012
   -0.37   -14.74   -34.45        -0.38   -14.75   -34.45     0.008
   -5.81    10.58    57.12        -5.90    10.63    57.11     0.109
  -19.60   -12.49    -4.37       -19.60   -12.50    -4.36     0.011
  -15.65   -13.99    -4.05       -15.65   -13.99    -4.05     0.002
   19.88    -7.45   -23.58        19.88    -7.46   -23.59     0.015
  -22.01   -23.25    -8.42       -22.01   -23.26    -8.40     0.019
    7.04    11.72   -10.22         7.05    11.69   -10.19     0.044
   36.88    -2.50    -8.33        36.84    -2.46    -8.34     0.066
   24.15     6.29   -30.32        24.14     6.28   -30.36     0.038
   39.61     1.88    -3.40        39.61     1.88    -3.40     0.003
    8.19   -15.37   -16.64         8.15   -15.29   -16.60     0.092
    6.53   -14.18   -20.42         6.52   -14.16   -20.41     0.029
  -17.33    11.08   -33.15       -17.32    11.11   -33.16     0.035
  -44.16    -8.16   -25.65       -44.14    -8.17   -25.64     0.017
    1.01     5.88   -19.61         1.02     5.88   -19.61     0.003
  -40.41   -15.06   -31.75       -40.40   -15.06   -31.75     0.005
   19.82   -13.64    -1.82        19.80   -13.62    -1.84     0.034
  -16.36    10.20   -35.69       -16.38    10.16   -35.68     0.047
   -9.45   -21.89   -10.42        -9.45   -21.90   -10.41     0.010
   -5.58    -1.39    53.04        -5.48    -1.32    53.05     0.127
   -8.93    17.50    14.29        -8.89    17.48    14.35     0.078
   -6.46     4.62   -29.33        -6.38     4.69   -29.37     0.110
  -35.70     3.71   -15.89       -35.62     3.65   -16.02     0.162
   10.55    -6.91    56.57        10.53    -6.77    56.58     0.141
  -20.63     2.67   -44.27       -20.64     2.62   -44.22     0.078
   17.01    20.94    39.85        17.03    20.99    39.87     0.061
  -23.79    -2.23   -47.67       -23.79    -2.23   -47.65     0.026
  -28.61     6.31   -15.15       -28.61     6.32   -15.13     0.023
   -6.72     4.16    36.53        -6.99     4.13    36.55     0.281
   11.19    11.29    63.15        11.19    11.29    63.15     0.004
   -6.55   -11.58     3.72        -6.56   -11.60     3.72     0.022
   17.47    23.68    18.46        17.44    23.58    18.43     0.103
  -31.01   -29.58   -20.94       -31.06   -29.66   -20.93     0.097
   35.09    -3.74    -6.15        35.14    -3.78    -6.14     0.064
   13.88   -12.42     4.67        13.88   -12.43     4.68     0.005
   26.12     4.16    31.27        25.99     4.17    31.24     0.133
   23.70     9.54    42.29        23.66     9.54    42.28     0.044
   38.71     0.31   -10.97        38.83     0.22   -10.97     0.154
  -13.50    19.49    33.92       -13.56    19.51    33.98     0.089
  -19.99    -1.88    -4.65       -19.89    -1.94    -4.72     0.134
   -8.86     5.67    28.98        -8.74     5.72    28.94     0.136
  -39.77   -12.83   -35.37       -39.77   -12.83   -35.37     0.006
   38.58     0.30     6.30        38.59     0.29     6.31     0.017
   -3.20    -4.58   -35.93        -3.14    -4.55   -35.92     0.065
   -5.66   -10.68     6.60        -5.68   -10.76     6.63     0.090
  -19.46    -4.18    -2.54       -19.46    -4.18    -2.54     0.007
  -39.11    -0.78   -36.34       -39.12    -0.77   -36.35     0.021
    6.68    -6.71    49.35         6.70    -6.92    49.35     0.209
  -17.07   -13.84    -4.56       -17.09   -13.88    -4.52     0.056
   28.26     7.74   -29.87        28.26     7.74   -29.87     0.001
  -20.33   -31.48   -17.63       -20.35   -31.55   -17.60     0.080
   32.62    -6.48     1.44        32.66    -6.53     1.44     0.066
   11.05     3.80   -18.26        11.04     3.83   -18.29     0.036
    9.16    22.85    -6.20         9.17    22.84    -6.19     0.018
  -28.28   -29.51   -35.52       -28.30   -29.56   -35.54     0.055
   37.94     0.64   -13.61        37.94     0.64   -13.60     0.004
   12.86    22.47    30.69        12.85    22.56    30.69     0.096
    5.15   -13.04   -22.46         5.18   -13.06   -22.49     0.043
   20.50    22.02    21.98        20.45    21.93    21.95     0.101
    3.53     1.61   -22.15         3.51     1.58   -22.11     0.057
    1.77   -12.03     6.83         1.79   -11.94     6.82     0.092
  -15.81    13.72    26.38       -15.60    13.80    26.41     0.232
