200 PA4-D-Debug-Answer.txt 0
   34.94     2.87    12.29        34.94     2.87    12.29     0.000
   -8.26   -28.00   -30.96        -8.26   -28.00   -30.96     0.000
   -8.93   -27.67   -18.69        -8.93   -27.67   -18.69     0.000
  -13.60   -19.39   -45.50       -13.60   -19.39   -45.50     0.000
  -21.17    -5.93   -48.36       -21.17    -5.93   -48.36     0.000
   11.41     0.32    63.15        11.41     0.32    63.15     0.000
  -37.40   -25.51   -26.15       -37.40   -25.51   -26.15     0.000
   -0.06    17.99     5.62        -0.06    17.99     5.62     0.000
   23.25     8.74    45.71        23.25     8.74    45.71     0.000
   12.46    26.16    10.83        12.46    26.16    10.83     0.000
   33.89    -4.91    -3.24        33.89    -4.91    -3.24     0.000
   -5.81   -22.11   -38.26        -5.81   -22.11   -38.26     0.000
   22.01    25.73    -3.07        22.01    25.73    -3.07     0.000
   -9.27    12.52    12.15        -9.27    12.52    12.15     0.000
    4.11    23.51    23.99         4.11    23.51    23.99     0.000
   -2.85   -20.23   -12.80        -2.85   -20.23   -12.80     0.000
   25.99    -2.21    23.23        25.99    -2.21    23.23     0.000
  -32.85   -25.13   -38.74       -32.85   -25.13   -38.74     0.000
  -33.77   -21.41   -41.51       -33.77   -21.41   -41.51     0.000
   26.29    -4.52    16.81        26.29    -4.52    16.81     0.000
    7.57    13.59    63.14         7.57    13.59    63.14     0.000
    2.33   -10.56   -26.30         2.33   -10.56   -26.30     0.000
    7.87    23.80    22.38         7.87    23.80    22.38     0.000
  -13.83   -29.62   -18.33       -13.83   -29.62   -18.33     0.000
   -7.78    10.59    38.83        -7.78    10.59    38.83     0.000
    0.99   -10.76    14.30         0.99   -10.76    14.30     0.000
   30.33    20.75    -0.34        30.33    20.75    -0.34     0.000
  -31.61   -29.72   -29.62       -31.61   -29.72   -29.62     0.000
   -6.93     5.16    48.33        -6.93     5.16    48.33     0.000
   31.89     1.11   -25.68        31.89     1.11   -25.68     0.000
   18.82    20.55    35.82        18.82    20.55    35.82     0.000
  -14.03    19.16    19.11       -14.03    19.16    19.11     0.000
  -32.11     8.96   -24.77       -32.11     8.96   -24.77     0.000
  -39.31     2.92   -25.01       -39.31     2.92   -25.01     0.000
   28.94    -8.89     2.24        28.94    -8.89     2.24     0.000
  -26.84   -32.04   -22.64       -26.84   -32.04   -22.64     0.000
  -40.18   -15.06   -15.06       -40.18   -15.06   -15.06     0.000
   33.93     0.99   -22.80        33.93     0.99   -22.80     0.000
   10.50     1.61    63.15        10.50     1.61    63.15     0.000
   12.19    25.97    -5.15        12.19    25.97    -5.15     0.000
  -20.45   -26.22   -10.39       -20.45   -26.22   -10.39     0.000
   25.38    20.66   -23.74        25.38    20.66   -23.74     0.000
  -37.34   -11.78   -43.01       -37.34   -11.78   -43.01     0.000
    9.87    -6.46    37.44         9.87    -6.46    37.44     0.000
   32.02    10.22   -25.32        32.02    10.22   -25.32     0.000
  -10.82   -15.18   -46.16       -10.82   -15.18   -46.16     0.000
  -37.86     0.90   -36.73       -37.86     0.90   -36.73     0.000
   -2.25     2.87   -25.03        -2.25     2.87   -25.03     0.000
   14.22    21.42   -29.31        14.22    21.42   -29.31     0.000
   37.61    -1.18    -4.64        37.61    -1.18    -4.64     0.000
   21.51    18.89    30.01        21.51    18.89    30.01     0.000
    4.43    -7.03    39.54         4.43    -7.03    39.54     0.000
   20.35   -13.51   -18.19        20.35   -13.51   -18.19     0.000
  -30.93     6.25   -37.45       -30.93     6.25   -37.45     0.000
   16.01    -4.81    49.33        16.01    -4.81    49.33     0.000
  -21.39   -27.84   -12.43       -21.39   -27.84   -12.43     0.000
  -40.88   -14.71   -16.29       -40.88   -14.71   -16.29     0.000
  -32.42   -24.77   -13.53       -32.42   -24.77   -13.53     0.000
   34.04    -5.41     5.42        34.04    -5.41     5.42     0.000
   35.93     4.34    11.13        35.93     4.34    11.13     0.000
  -28.00    10.48   -21.76       -28.00    10.48   -21.76     0.000
  -16.02     7.69   -15.28       -16.02     7.69   -15.28     0.000
  -14.71   -29.55   -36.14       -14.71   -29.55   -36.14     0.000
   -4.73     3.31    63.09        -4.73     3.31    63.09     0.000
    7.85    -6.77    45.06         7.85    -6.77    45.06     0.000
  -30.63     9.87   -25.20       -30.63     9.87   -25.20     0.000
  -13.02     2.00     9.52       -13.02     2.00     9.52     0.000
  -25.19   -29.25   -15.05       -25.19   -29.25   -15.05     0.000
   -0.48   -10.09   -31.60        -0.48   -10.09   -31.60     0.000
    4.63    -7.39    57.69         4.63    -7.39    57.69     0.000
   -9.54     7.31    -8.65        -9.54     7.31    -8.65     0.000
   31.92    15.16   -21.14        31.92    15.16   -21.14     0.000
   15.45    27.17    -1.60        15.45    27.17    -1.60     0.000
   14.81    23.56   -24.41        14.81    23.56   -24.41     0.000
   -1.14    17.13     6.07        -1.14    17.13     6.07     0.000
   24.57    -4.17    20.66        24.57    -4.17    20.66     0.000
   -6.54     9.06    57.88        -6.54     9.06    57.88     0.000
   15.69    25.77    -9.67        15.69    25.77    -9.67     0.000
   -4.59    -0.48   -34.77        -4.59    -0.48   -34.77     0.000
   -0.52    17.80    51.19        -0.52    17.80    51.19     0.000
   35.85    -2.78    -3.17        35.85    -2.78    -3.17     0.000
   21.82    22.03    17.99        21.82    22.03    17.99     0.000
   -9.20   -21.29   -42.78        -9.20   -21.29   -42.78     0.000
   23.27    -5.21    19.41        23.27    -5.21    19.41     0.000
   25.36    10.66   -30.24        25.36    10.66   -30.24     0.000
   13.49   -16.86    -9.87        13.49   -16.86    -9.87     0.000
   19.48    25.36   -22.68        19.48    25.36   -22.68     0.000
  -24.29   -32.50   -23.13       -24.29   -32.50   -23.13     0.000
   14.75    12.43   -17.60        14.75    12.43   -17.60     0.000
   -5.41    17.52    11.60        -5.41    17.52    11.60     0.000
    7.82    -5.76    63.42         7.82    -5.76    63.42     0.000
    0.79    15.09     0.12         0.79    15.09     0.12     0.000
   -0.42   -12.28   -33.87        -0.42   -12.28   -33.87     0.000
  -31.81   -11.28   -46.68       -31.81   -11.28   -46.68     0.000
   -9.65    -1.49    18.04        -9.65    -1.49    18.04     0.000
  -13.32   -12.82   -47.73       -13.32   -12.82   -47.73     0.000
    6.90    23.76    22.30         6.90    23.76    22.30     0.000
   16.53    18.75    53.15        16.53    18.75    53.15     0.000
   14.58    21.66    43.08        14.58    21.66    43.08     0.000
   -8.69     7.40    31.25        -8.69     7.40    31.25     0.000
   19.85    25.65   -13.87        19.85    25.65   -13.87     0.000
   36.93     7.90   -13.04        36.93     7.90   -13.04     0.000
   -4.08    23.49    17.81        -4.08    23.49    17.81     0.000
    7.81    20.32    55.15         7.81    20.32    55.15     0.000
  -36.80    -9.78   -43.57       -36.80    -9.78   -43.57     0.000
  -13.89   -10.62     0.13       -13.89   -10.62     0.13     0.000
    4.88    -7.65    26.96         4.88    -7.65    26.96     0.000
  -16.03   -31.84   -30.35       -16.03   -31.84   -30.35     0.000
   -6.92   -11.39     3.92        -6.92   -11.39     3.92     0.000
    3.85    -8.29    24.61         3.85    -8.29    24.61     0.000
   17.76    13.93    62.71        17.76    13.93    62.71     0.000
  -23.77    -0.85   -47.11       -23.77    -0.85   -47.11     0.000
   25.54    23.71   -15.79        25.54    23.71   -15.79     0.000
   36.99     5.84   -14.65        36.99     5.84   -14.65     0.000
   -0.49   -20.50   -27.22        -0.49   -20.50   -27.22     0.000
   28.45    -8.55     3.85        28.45    -8.55     3.85     0.000
   -3.86    -9.88    13.52        -3.86    -9.88    13.52     0.000
   22.59     9.96    49.19        22.59     9.96    49.19     0.000
   -2.72   -22.92   -19.60        -2.72   -22.92   -19.60     0.000
   -4.66    -1.34    62.97        -4.66    -1.34    62.97     0.000
  -39.21     2.79   -29.42       -39.21     2.79   -29.42     0.000
   21.69     8.63    56.96        21.69     8.63    56.96     0.000
  -27.87     4.88   -40.95       -27.87     4.88   -40.95     0.000
   19.93    -1.51    48.44        19.93    -1.51    48.44     0.000
   14.97    21.80    36.68        14.97    21.80    36.68     0.000
   -8.57     8.01    32.97        -8.57     8.01    32.97     0.000
   -5.97   -24.79   -34.93        -5.97   -24.79   -34.93     0.000
   -4.72    15.83     9.32        -4.72    15.83     9.32     0.000
  -40.10    -6.90   -14.22       -40.10    -6.90   -14.22     0.000
  -18.77   -22.67    -8.56       -18.77   -22.67    -8.56     0.000
   -4.11    13.94    57.19        -4.11    13.94    57.19     0.000
   15.67   -17.37    -6.36        15.67   -17.37    -6.36     0.000
    3.76    21.44     3.27         3.76    21.44     3.27     0.000
   -7.79   -26.64   -18.21        -7.79   -26.64   -18.21     0.000
   -6.74     3.26    51.50        -6.74     3.26    51.50     0.000
   33.36    13.24   -20.41        33.36    13.24   -20.41     0.000
  -34.09   -26.43   -17.61       -34.09   -26.43   -17.61     0.000
  -34.99   -21.41   -12.36       -34.99   -21.41   -12.36     0.000
  -24.93   -12.10    -6.12       -24.93   -12.10    -6.12     0.000
  -12.28    19.83    35.09       -12.28    19.83    35.09     0.000
   18.35    23.99    15.24        18.35    23.99    15.24     0.000
  -18.84   -12.52   -49.05       -18.84   -12.52   -49.05     0.000
    2.54    23.29    28.02         2.54    23.29    28.02     0.000
   13.77    12.29    63.12        13.77    12.29    63.12     0.000
   -8.17     2.07    27.65        -8.17     2.07    27.65     0.000
   34.54     6.15   -21.70        34.54     6.15   -21.70     0.000
  -28.08    -6.28    -8.29       -28.08    -6.28    -8.29     0.000
  -24.42   -28.75   -14.18       -24.42   -28.75   -14.18     0.000
   -9.00    -0.30    22.53        -9.00    -0.30    22.53     0.000
   19.80    20.51    29.85        19.80    20.51    29.85     0.000
    8.53    21.80    34.98         8.53    21.80    34.98     0.000
    3.01   -11.86     9.81         3.01   -11.86     9.81     0.000
  -39.83   -16.17   -34.00       -39.83   -16.17   -34.00     0.000
   23.86    24.54   -11.02        23.86    24.54   -11.02     0.000
   29.15    -2.90    15.92        29.15    -2.90    15.92     0.000
  -18.45   -32.47   -29.77       -18.45   -32.47   -29.77     0.000
   10.50   -13.33     4.15        10.50   -13.33     4.15     0.000
   -7.49    18.91    39.16        -7.49    18.91    39.16     0.000
    1.68    20.53     6.09         1.68    20.53     6.09     0.000
  -20.87   -18.20   -47.65       -20.87   -18.20   -47.65     0.000
   23.48    -7.59     8.87        23.48    -7.59     8.87     0.000
   17.15     1.82    62.96        17.15     1.82    62.96     0.000
   32.46    15.48   -19.21        32.46    15.48   -19.21     0.000
   -7.13    -0.34   -40.26        -7.13    -0.34   -40.26     0.000
    8.31     4.30    63.04         8.31     4.30    63.04     0.000
  -12.60     7.21   -12.88       -12.60     7.21   -12.88     0.000
  -11.86   -30.50   -29.29       -11.86   -30.50   -29.29     0.000
   29.49    12.82    17.49        29.49    12.82    17.49     0.000
   22.64    -4.06    25.05        22.64    -4.06    25.05     0.000
  -38.09   -11.95   -41.88       -38.09   -11.95   -41.88     0.000
   -7.08     5.47    50.51        -7.08     5.47    50.51     0.000
  -31.79     7.62   -18.58       -31.79     7.62   -18.58     0.000
   -7.03     6.56    54.04        -7.03     6.56    54.04     0.000
  -18.87    -4.45    -1.81       -18.87    -4.45    -1.81     0.000
    1.60     2.61   -22.33         1.60     2.61   -22.33     0.000
  -29.27     7.40   -36.76       -29.27     7.40   -36.76     0.000
   -0.64    -6.09    44.47        -0.64    -6.09    44.47     0.000
  -15.04    13.62    30.78       -15.04    13.62    30.78     0.000
  -12.79    22.16    31.24       -12.79    22.16    31.24     0.000
   19.11    16.60   -31.02        19.11    16.60   -31.02     0.000
   -4.59    20.48    38.69        -4.59    20.48    38.69     0.000
   12.20    18.05   -18.00        12.20    18.05   -18.00     0.000
  -40.66     0.71   -29.52       -40.66     0.71   -29.52     0.000
  -15.12   -31.75   -29.01       -15.12   -31.75   -29.01     0.000
   11.66    -6.40   -21.89        11.66    -6.40   -21.89     0.000
   19.16    25.15   -23.52        19.16    25.15   -23.52     0.000
   -5.04     3.11   -28.50        -5.04     3.11   -28.50     0.000
    1.53     1.01   -23.77         1.53     1.01   -23.77     0.000
   -1.06    19.69     9.01        -1.06    19.69     9.01     0.000
   -3.11    -5.16    42.28        -3.11    -5.16    42.28     0.000
  -22.53   -32.39   -22.61       -22.53   -32.39   -22.61     0.000
    6.46    15.70    63.18         6.46    15.70    63.18     0.000
    8.32   -16.06    -5.46         8.32   -16.06    -5.46     0.000
  -37.97    -8.38   -10.73       -37.97    -8.38   -10.73     0.000
   20.15    14.90    51.45        20.15    14.90    51.45     0.000
   -9.68     7.23    -8.30        -9.68     7.23    -8.30     0.000
    1.90   -17.90   -10.19         1.90   -17.90   -10.19     0.000
   24.83    14.33   -28.75        24.83    14.33   -28.75     0.000
   -0.64    10.84    63.31        -0.64    10.84    63.31     0.000
   19.53    -1.17   -23.64        19.53    -1.17   -23.64     0.000
