200 PA4-B-Debug-Answer.txt 0
   38.13     3.03   -13.07        38.13     3.03   -13.07     0.000
   38.93     8.59    -6.11        38.93     8.59    -6.11     0.000
   16.53    22.39    28.70        16.53    22.39    28.70     0.000
   13.14    20.87    54.19        13.14    20.87    54.19     0.000
   25.15    23.38   -19.31        25.15    23.38   -19.31     0.000
   -8.52   -12.74     0.24        -8.52   -12.74     0.24     0.000
   29.42    19.26   -20.97        29.42    19.26   -20.97     0.000
   19.31    17.95    42.64        19.31    17.95    42.64     0.000
   17.57   -11.66     3.85        17.57   -11.66     3.85     0.000
   37.46    -1.18    -0.14        37.46    -1.18    -0.14     0.000
  -15.49   -29.85   -17.56       -15.49   -29.85   -17.56     0.000
   31.86    19.12    -7.74        31.86    19.12    -7.74     0.000
   29.74    14.20    15.68        29.74    14.20    15.68     0.000
  -41.81   -17.90   -21.82       -41.81   -17.90   -21.82     0.000
    0.38   -11.70     7.10         0.38   -11.70     7.10     0.000
  -41.76   -14.34   -17.87       -41.76   -14.34   -17.87     0.000
  -32.67     8.52   -28.65       -32.67     8.52   -28.65     0.000
  -16.64   -30.59   -18.53       -16.64   -30.59   -18.53     0.000
   19.19    -0.41    60.04        19.19    -0.41    60.04     0.000
   17.16   -15.43    -2.58        17.16   -15.43    -2.58     0.000
   31.49    -5.47    10.42        31.49    -5.47    10.42     0.000
   31.37    12.60   -24.61        31.37    12.60   -24.61     0.000
   31.01     5.46    17.77        31.01     5.46    17.77     0.000
    4.61    10.59   -11.43         4.61    10.59   -11.43     0.000
   -2.01    18.42    45.25        -2.01    18.42    45.25     0.000
   32.79    18.23     3.81        32.79    18.23     3.81     0.000
   -7.15     1.10    32.83        -7.15     1.10    32.83     0.000
  -18.99    -7.87    -2.72       -18.99    -7.87    -2.72     0.000
    2.52    -7.81    28.04         2.52    -7.81    28.04     0.000
  -21.80   -13.50   -48.80       -21.80   -13.50   -48.80     0.000
  -20.83   -32.71   -29.41       -20.83   -32.71   -29.41     0.000
    1.23    -3.55   -26.11         1.23    -3.55   -26.11     0.000
   32.01     0.89    15.50        32.01     0.89    15.50     0.000
   -8.11     8.64    36.13        -8.11     8.64    36.13     0.000
   -0.30   -10.06   -31.13        -0.30   -10.06   -31.13     0.000
  -18.29   -29.60   -37.80       -18.29   -29.60   -37.80     0.000
   -1.31   -10.85    12.26        -1.31   -10.85    12.26     0.000
   36.82     3.64   -15.27        36.82     3.64   -15.27     0.000
   -7.58    -9.87     6.60        -7.58    -9.87     6.60     0.000
   -9.37    13.66    38.01        -9.37    13.66    38.01     0.000
    1.98    14.53    -2.43         1.98    14.53    -2.43     0.000
  -16.37     5.08   -11.23       -16.37     5.08   -11.23     0.000
   17.92    17.11    54.31        17.92    17.11    54.31     0.000
  -41.53   -13.56   -17.05       -41.53   -13.56   -17.05     0.000
   34.96    15.44    -7.50        34.96    15.44    -7.50     0.000
  -35.46   -14.82   -44.13       -35.46   -14.82   -44.13     0.000
   24.26    -7.30     9.38        24.26    -7.30     9.38     0.000
  -22.99   -14.95   -48.38       -22.99   -14.95   -48.38     0.000
    1.73    18.90    50.50         1.73    18.90    50.50     0.000
   11.64    18.03   -22.93        11.64    18.03   -22.93     0.000
    8.82    22.60    -5.94         8.82    22.60    -5.94     0.000
    3.59     3.55   -20.49         3.59     3.55   -20.49     0.000
  -15.46   -28.31   -14.99       -15.46   -28.31   -14.99     0.000
   -4.70    13.56    51.91        -4.70    13.56    51.91     0.000
  -39.20     2.99   -27.08       -39.20     2.99   -27.08     0.000
   -0.84    -5.85    47.82        -0.84    -5.85    47.82     0.000
  -32.81     2.20   -13.39       -32.81     2.20   -13.39     0.000
   26.32     6.11    30.54        26.32     6.11    30.54     0.000
  -36.33    -7.05   -43.10       -36.33    -7.05   -43.10     0.000
   22.08   -11.55    -0.65        22.08   -11.55    -0.65     0.000
   -4.21   -23.21   -34.44        -4.21   -23.21   -34.44     0.000
  -31.09     8.09   -33.24       -31.09     8.09   -33.24     0.000
   36.00     4.60    11.03        36.00     4.60    11.03     0.000
   19.37    26.32    -5.53        19.37    26.32    -5.53     0.000
  -11.31     6.81    20.96       -11.31     6.81    20.96     0.000
  -31.83   -27.16   -16.11       -31.83   -27.16   -16.11     0.000
  -13.14   -11.66   -47.73       -13.14   -11.66   -47.73     0.000
   -7.74    -3.58    24.68        -7.74    -3.58    24.68     0.000
   34.26    14.46   -15.51        34.26    14.46   -15.51     0.000
   22.38    20.36    22.58        22.38    20.36    22.58     0.000
   17.83    16.75    57.60        17.83    16.75    57.60     0.000
  -29.90   -29.48   -34.34       -29.90   -29.48   -34.34     0.000
  -29.61     7.03   -37.36       -29.61     7.03   -37.36     0.000
    1.44    18.07    57.26         1.44    18.07    57.26     0.000
  -29.36    -5.00    -8.96       -29.36    -5.00    -8.96     0.000
  -20.72   -20.43   -46.98       -20.72   -20.43   -46.98     0.000
  -43.58    -5.80   -27.26       -43.58    -5.80   -27.26     0.000
   18.68    15.31   -31.19        18.68    15.31   -31.19     0.000
  -10.58   -18.40   -44.79       -10.58   -18.40   -44.79     0.000
   17.08    -4.52    45.38        17.08    -4.52    45.38     0.000
   15.20    21.93    35.55        15.20    21.93    35.55     0.000
   14.15    26.34    -5.77        14.15    26.34    -5.77     0.000
   -5.32    -1.79    57.91        -5.32    -1.79    57.91     0.000
  -34.22   -19.62   -10.49       -34.22   -19.62   -10.49     0.000
    8.17    24.02    20.80         8.17    24.02    20.80     0.000
    4.19    -9.88   -24.92         4.19    -9.88   -24.92     0.000
  -42.92   -12.95   -20.64       -42.92   -12.95   -20.64     0.000
   26.46   -12.36    -8.91        26.46   -12.36    -8.91     0.000
   -0.23    -7.43    31.14        -0.23    -7.43    31.14     0.000
   11.79    27.06     1.41        11.79    27.06     1.41     0.000
   30.89     7.80   -27.73        30.89     7.80   -27.73     0.000
    2.41    -7.88    27.82         2.41    -7.88    27.82     0.000
   16.06    18.15    58.18        16.06    18.15    58.18     0.000
   36.62     8.27   -14.43        36.62     8.27   -14.43     0.000
   15.55    24.38   -19.98        15.55    24.38   -19.98     0.000
   -6.66    -7.81    16.14        -6.66    -7.81    16.14     0.000
   12.55   -11.75     6.01        12.55   -11.75     6.01     0.000
   -2.62    -4.88    50.05        -2.62    -4.88    50.05     0.000
    3.27     9.08    63.38         3.27     9.08    63.38     0.000
  -12.74   -26.35   -40.26       -12.74   -26.35   -40.26     0.000
   33.47    17.15    -6.80        33.47    17.15    -6.80     0.000
  -29.45   -30.89   -29.91       -29.45   -30.89   -29.91     0.000
  -17.03     1.28    -2.24       -17.03     1.28    -2.24     0.000
   29.79     4.64   -28.61        29.79     4.64   -28.61     0.000
   15.99    -9.33   -21.19        15.99    -9.33   -21.19     0.000
    7.77    -8.16   -22.85         7.77    -8.16   -22.85     0.000
   -3.19    18.31    10.02        -3.19    18.31    10.02     0.000
  -34.15   -28.31   -25.13       -34.15   -28.31   -25.13     0.000
    4.92    -7.30    32.73         4.92    -7.30    32.73     0.000
   18.23    -5.49    27.80        18.23    -5.49    27.80     0.000
  -43.30    -6.51   -20.54       -43.30    -6.51   -20.54     0.000
   -6.51   -27.39   -24.64        -6.51   -27.39   -24.64     0.000
    8.55    -7.28    24.37         8.55    -7.28    24.37     0.000
   22.84   -14.00    -4.62        22.84   -14.00    -4.62     0.000
   18.41    -5.49    27.45        18.41    -5.49    27.45     0.000
   20.85    20.62    27.15        20.85    20.62    27.15     0.000
   -7.68   -26.53   -34.85        -7.68   -26.53   -34.85     0.000
  -11.39   -13.34   -46.97       -11.39   -13.34   -46.97     0.000
  -38.36   -10.65   -41.61       -38.36   -10.65   -41.61     0.000
   20.48    -8.57     8.16        20.48    -8.57     8.16     0.000
    0.35    -6.38    50.58         0.35    -6.38    50.58     0.000
  -18.45   -11.13   -49.09       -18.45   -11.13   -49.09     0.000
   21.84    -7.11    12.24        21.84    -7.11    12.24     0.000
  -22.50   -13.23   -48.74       -22.50   -13.23   -48.74     0.000
   -6.05   -18.29   -41.64        -6.05   -18.29   -41.64     0.000
   -4.25   -15.71    -4.14        -4.25   -15.71    -4.14     0.000
  -33.54   -21.89   -11.43       -33.54   -21.89   -11.43     0.000
   35.43    -4.32   -15.37        35.43    -4.32   -15.37     0.000
   12.40    17.86   -29.21        12.40    17.86   -29.21     0.000
   -6.88     8.15    45.44        -6.88     8.15    45.44     0.000
   -3.43    -8.20    24.72        -3.43    -8.20    24.72     0.000
   22.07    12.14    47.90        22.07    12.14    47.90     0.000
   -7.11     1.58    33.53        -7.11     1.58    33.53     0.000
  -33.65     8.07   -25.31       -33.65     8.07   -25.31     0.000
   -4.27     4.24   -26.10        -4.27     4.24   -26.10     0.000
   -6.26     0.37    40.20        -6.26     0.37    40.20     0.000
   13.81     8.13   -16.45        13.81     8.13   -16.45     0.000
  -36.06   -17.66   -10.74       -36.06   -17.66   -10.74     0.000
  -34.15   -13.31   -45.85       -34.15   -13.31   -45.85     0.000
   19.33    25.53   -19.92        19.33    25.53   -19.92     0.000
  -41.83   -18.73   -28.18       -41.83   -18.73   -28.18     0.000
  -32.50     7.65   -19.86       -32.50     7.65   -19.86     0.000
   -7.67    -4.87    21.94        -7.67    -4.87    21.94     0.000
   -5.04    24.52    28.33        -5.04    24.52    28.33     0.000
   -1.82    -6.34    35.87        -1.82    -6.34    35.87     0.000
   19.26   -15.82    -4.34        19.26   -15.82    -4.34     0.000
   17.86    24.86   -23.94        17.86    24.86   -23.94     0.000
  -38.07   -15.46   -40.96       -38.07   -15.46   -40.96     0.000
    9.31    23.12    -6.08         9.31    23.12    -6.08     0.000
   29.07    10.86    19.78        29.07    10.86    19.78     0.000
   27.62    -0.08    22.31        27.62    -0.08    22.31     0.000
   13.92    -7.27    19.06        13.92    -7.27    19.06     0.000
   20.58   -12.19    -0.21        20.58   -12.19    -0.21     0.000
   -0.76   -11.44   -34.38        -0.76   -11.44   -34.38     0.000
    8.13    25.69     7.21         8.13    25.69     7.21     0.000
   -0.33    -0.11   -25.26        -0.33    -0.11   -25.26     0.000
   16.32    26.76    -5.46        16.32    26.76    -5.46     0.000
    7.21     7.12    63.10         7.21     7.12    63.10     0.000
   -7.77    24.13    30.82        -7.77    24.13    30.82     0.000
   38.79     0.94     0.91        38.79     0.94     0.91     0.000
   20.06    13.50    59.90        20.06    13.50    59.90     0.000
  -10.45   -17.53   -44.82       -10.45   -17.53   -44.82     0.000
   23.19    10.40    44.49        23.19    10.40    44.49     0.000
   16.97    19.00    48.42        16.97    19.00    48.42     0.000
   19.20    -3.43   -23.47        19.20    -3.43   -23.47     0.000
   -5.90    -8.51   -43.19        -5.90    -8.51   -43.19     0.000
   39.03     0.78    -5.00        39.03     0.78    -5.00     0.000
   -8.19    19.48    38.38        -8.19    19.48    38.38     0.000
   19.99    26.15     2.91        19.99    26.15     2.91     0.000
   -7.21     1.76    32.72        -7.21     1.76    32.72     0.000
    2.27   -18.04   -21.91         2.27   -18.04   -21.91     0.000
   -6.67   -18.81    -8.62        -6.67   -18.81    -8.62     0.000
  -11.75    10.05    15.46       -11.75    10.05    15.46     0.000
  -31.82     6.64   -35.62       -31.82     6.64   -35.62     0.000
   22.52    -3.36    28.11        22.52    -3.36    28.11     0.000
   16.58     8.15    63.19        16.58     8.15    63.19     0.000
   11.90   -14.93     0.88        11.90   -14.93     0.88     0.000
  -28.07     6.65   -38.75       -28.07     6.65   -38.75     0.000
  -10.41   -28.44   -34.67       -10.41   -28.44   -34.67     0.000
  -12.25     5.71    -5.32       -12.25     5.71    -5.32     0.000
   -8.27   -22.66   -12.11        -8.27   -22.66   -12.11     0.000
  -23.96    -0.00   -46.66       -23.96    -0.00   -46.66     0.000
  -13.86   -31.11   -30.63       -13.86   -31.11   -30.63     0.000
  -37.54    -9.79   -10.11       -37.54    -9.79   -10.11     0.000
   -9.50     7.47   -33.30        -9.50     7.47   -33.30     0.000
   29.03    -5.41   -25.60        29.03    -5.41   -25.60     0.000
   34.60    15.51   -13.03        34.60    15.51   -13.03     0.000
   18.67    13.07   -30.72        18.67    13.07   -30.72     0.000
   -6.54     9.00    56.44        -6.54     9.00    56.44     0.000
  -13.55   -31.05   -30.36       -13.55   -31.05   -30.36     0.000
   -5.31    22.09    16.08        -5.31    22.09    16.08     0.000
   21.76     9.82    55.54        21.76     9.82    55.54     0.000
   33.78    16.43     6.78        33.78    16.43     6.78     0.000
   11.85    -8.15    16.31        11.85    -8.15    16.31     0.000
  -41.90    -8.20   -31.58       -41.90    -8.20   -31.58     0.000
   22.29   -13.18    -3.19        22.29   -13.18    -3.19     0.000
   21.09     4.95    59.65        21.09     4.95    59.65     0.000
    7.84    -3.13   -22.51         7.84    -3.13   -22.51     0.000
   -7.27   -23.46   -38.67        -7.27   -23.46   -38.67     0.000
   -7.68   -20.34    -9.83        -7.68   -20.34    -9.83     0.000
