200 PA4-F-Debug-Output.txt 0
   15.04    -5.72    35.54        15.03    -5.66    35.54     0.058
  -16.32    -1.13     1.45       -16.37    -1.12     1.48     0.059
   20.89   -11.66     0.46        20.88   -11.63     0.45     0.036
  -25.41   -23.09    -8.43       -25.41   -23.07    -8.46     0.041
    3.16    -5.47    63.50         3.16    -5.47    63.46     0.039
   35.84     5.50   -19.14        35.78     5.51   -19.11     0.065
  -39.90   -22.06   -23.34       -39.84   -22.02   -23.35     0.072
   -6.86     9.19    -1.86        -6.83     9.15    -1.85     0.059
  -28.19   -29.56   -35.78       -28.16   -29.48   -35.74     0.089
    7.65    12.84    -9.45         7.66    12.83    -9.44     0.016
   14.57    24.88    14.35        14.57    24.91    14.36     0.034
    1.14    -5.85   -27.16         1.14    -5.85   -27.16     0.007
   12.75    23.90    20.83        12.75    23.95    20.84     0.052
    9.71    22.93    -6.58         9.60    23.01    -6.65     0.153
  -25.55    11.32   -22.79       -25.55    11.34   -22.78     0.025
   23.41    11.84    42.28        23.18    11.77    42.26     0.243
   22.09    25.68     0.85        22.04    25.56     0.84     0.133
   -5.65    -0.67    57.23        -5.71    -0.69    57.23     0.059
  -40.55     1.11   -24.44       -40.56     1.11   -24.44     0.002
  -19.03   -30.59   -16.87       -19.00   -30.70   -16.78     0.147
   33.63    16.64    -1.59        33.69    16.70    -1.61     0.091
   14.83    25.73    11.14        14.83    25.74    11.15     0.014
   -9.97    17.56    38.02       -10.03    17.58    38.08     0.083
    6.55    20.73    -3.48         6.47    20.78    -3.50     0.098
  -16.53     5.33   -42.22       -16.51     5.37   -42.27     0.073
   11.76    24.06    20.79        11.75    24.01    20.78     0.050
   31.53    -6.90     6.68        31.56    -6.94     6.70     0.051
  -12.86    10.96    20.13       -12.88    10.94    20.12     0.027
  -35.39     3.31   -36.89       -35.45     3.39   -36.96     0.120
   23.62   -10.21     1.01        23.64   -10.26     1.04     0.056
   18.96    19.90   -28.94        19.00    19.95   -29.00     0.092
  -18.28     6.59   -41.02       -18.27     6.51   -40.95     0.102
  -18.69    -5.80   -48.36       -18.69    -5.80   -48.34     0.023
   11.36    25.58    -4.64        11.32    25.69    -4.66     0.119
   13.30    -5.79    53.42        13.33    -5.85    53.42     0.068
  -27.32   -30.58   -18.11       -27.27   -30.52   -18.14     0.090
  -11.38   -29.97   -30.40       -11.33   -30.04   -30.41     0.083
   -1.78    15.45    61.78        -1.80    15.47    61.79     0.026
   -4.62    14.35     7.87        -4.69    14.43     7.79     0.128
  -37.74   -22.72   -34.79       -37.73   -22.72   -34.79     0.011
  -22.30    10.68   -34.63       -22.30    10.69   -34.63     0.016
    8.08   -15.06    -1.99         8.04   -15.18    -1.97     0.128
  -32.51   -22.85   -41.42       -32.52   -22.86   -41.42     0.008
   20.37   -10.72     2.41        20.40   -10.77     2.44     0.065
   -5.32    -3.46    36.84        -5.33    -3.47    36.84     0.014
   21.63    -2.94    33.92        21.61    -2.91    33.91     0.035
   27.10    -3.84   -26.77        27.09    -3.84   -26.77     0.010
  -26.51    -8.62    -6.82       -26.51    -8.63    -6.83     0.005
   40.59     3.72    -4.63        40.59     3.72    -4.63     0.004
   28.20    22.13    -5.98        28.30    22.25    -5.98     0.157
    2.43    21.09    37.01         2.43    21.21    37.04     0.117
   11.51     4.45    62.92        11.51     4.45    62.97     0.050
   28.60     3.35    22.41        28.63     3.34    22.42     0.026
   12.55    11.17    63.14        12.55    11.17    63.11     0.022
   17.84   -10.09   -20.75        17.84   -10.10   -20.76     0.012
  -42.77   -16.35   -23.81       -42.71   -16.32   -23.82     0.059
    2.77    22.01     6.95         2.81    21.95     6.98     0.071
  -20.44   -11.26   -49.60       -20.45   -11.25   -49.50     0.106
   31.31    -3.12   -25.44        31.32    -3.12   -25.45     0.015
  -35.73     2.81   -37.40       -35.74     2.81   -37.41     0.006
  -11.77   -15.48    -4.17       -11.77   -15.49    -4.17     0.008
   22.72    -1.21    34.62        22.83    -1.31    34.66     0.152
   -0.17   -14.68   -33.84        -0.20   -14.68   -33.83     0.032
  -14.80    10.97   -30.01       -14.86    10.87   -29.98     0.123
   -3.67   -17.91    -8.19        -3.68   -17.82    -8.23     0.100
   19.58    23.77    14.96        19.55    23.69    14.94     0.082
  -39.73   -16.48   -14.87       -39.72   -16.48   -14.88     0.008
   -3.45    -8.84   -40.41        -3.43    -8.83   -40.42     0.025
   -5.38   -10.41     7.29        -5.42   -10.58     7.35     0.181
  -10.90    -7.45     6.58       -10.92    -7.47     6.60     0.039
   -8.21    17.64    13.98        -8.22    17.64    13.98     0.007
   19.71    25.74     7.13        19.65    25.57     7.08     0.193
  -42.91   -16.75   -25.78       -42.80   -16.70   -25.79     0.121
  -25.18   -26.68   -11.46       -25.18   -26.70   -11.45     0.024
   -5.03   -25.37   -20.36        -5.03   -25.37   -20.36     0.004
  -42.38    -7.33   -18.14       -42.44    -7.33   -18.10     0.072
   17.89    25.80   -11.45        17.89    25.78   -11.45     0.015
   -5.44   -24.66   -34.55        -5.54   -24.55   -34.51     0.156
   12.64    23.80   -11.35        12.64    23.81   -11.35     0.003
  -11.12     8.18   -16.87       -11.11     8.22   -16.85     0.044
   13.53     7.38    62.97        13.53     7.38    63.03     0.052
    9.66    20.16    -9.75         9.60    20.18    -9.78     0.069
  -30.16   -19.90    -7.94       -30.15   -19.89    -7.96     0.023
   12.16    -6.16    61.05        12.18    -6.20    61.05     0.045
   32.06     5.26   -26.11        32.01     5.26   -26.08     0.054
   -7.84    25.00    25.92        -7.84    25.09    25.92     0.094
    7.57    25.27    13.85         7.60    25.05    13.82     0.231
   21.61    -2.31    37.31        21.39    -2.10    37.27     0.306
   -3.07   -21.03   -14.89        -3.04   -21.08   -14.88     0.058
   24.69    -6.10   -25.61        24.69    -6.08   -25.58     0.035
    1.74    18.43    57.22         1.81    18.22    57.19     0.224
    3.84    -8.87    21.80         3.80    -8.72    21.77     0.156
   24.76    -8.61   -24.26        24.76    -8.61   -24.26     0.005
    7.25   -16.02    -5.41         7.28   -15.87    -5.43     0.158
   11.72    19.91   -21.69        11.72    19.91   -21.69     0.001
   36.46    -1.79     9.04        36.50    -1.80     9.06     0.045
  -40.37    -7.10   -14.50       -40.35    -7.11   -14.51     0.016
   22.50   -15.08    -6.78        22.52   -15.11    -6.77     0.033
   -9.10    -4.74    14.54        -9.27    -4.83    14.58     0.196
    3.22   -17.68   -18.48         3.18   -17.60   -18.46     0.084
   -5.38    15.45     9.89        -5.47    15.51     9.84     0.120
   35.54    14.92    -9.78        35.57    14.94    -9.78     0.029
    3.13   -15.78   -23.27         3.09   -15.76   -23.25     0.049
   -9.00   -25.21   -14.79        -9.02   -25.19   -14.81     0.035
   -8.07   -26.42   -17.87        -7.95   -26.53   -17.80     0.170
   38.50    10.80    -0.25        38.50    10.80    -0.25     0.003
   -3.41    23.99    19.84        -3.41    24.02    19.83     0.025
    9.75    22.49    31.86         9.75    22.38    31.85     0.112
   -4.74    13.31    57.28        -4.64    13.23    57.27     0.123
   17.58   -16.81   -12.38        17.56   -16.93   -12.41     0.131
   -6.29    -4.49    27.41        -6.28    -4.48    27.41     0.018
  -34.27     5.22   -17.48       -34.40     5.34   -17.44     0.185
    9.17    26.18     6.21         9.17    26.16     6.22     0.020
   24.95    14.19    27.71        25.03    14.24    27.73     0.094
   -0.22   -11.31   -31.45        -0.15   -11.30   -31.47     0.066
   25.76    -5.23    15.17        25.78    -5.28    15.18     0.056
    8.40   -14.83    -0.43         8.38   -14.86    -0.42     0.039
    7.62    -7.34    62.54         7.61    -7.28    62.52     0.061
   -5.10    12.14    54.53        -5.16    12.17    54.54     0.073
  -14.72   -10.61   -48.37       -14.73   -10.61   -48.36     0.019
   -6.98     4.31    36.23        -7.04     4.30    36.23     0.056
  -31.14     9.55   -25.29       -31.14     9.56   -25.29     0.010
  -11.41    21.97    19.03       -11.45    22.03    18.97     0.096
   13.55    21.78   -28.79        13.54    21.85   -28.84     0.086
    0.82    16.09     1.98         0.78    16.15     1.95     0.084
   14.11   -17.40    -5.90        14.11   -17.35    -5.91     0.057
   15.56    16.25    62.69        15.57    16.26    62.72     0.034
  -10.26    12.22    13.83       -10.22    12.21    13.85     0.040
   36.00    13.30     7.98        36.02    13.31     7.99     0.019
  -37.45    -1.04   -39.48       -37.39    -1.09   -39.43     0.092
  -40.16    -7.64   -37.82       -40.11    -7.64   -37.80     0.054
   32.08    -0.11   -25.23        32.14    -0.11   -25.28     0.082
  -15.32     0.70     3.11       -15.33     0.70     3.11     0.005
  -12.87    -5.97     5.76       -12.94    -5.99     5.81     0.089
   -1.01   -15.05   -36.05        -1.05   -15.05   -36.03     0.049
   -2.29    20.96    38.69        -2.27    20.85    38.64     0.115
   17.69    20.60    40.22        17.66    20.57    40.21     0.046
  -27.09    -4.56   -47.87       -27.08    -4.55   -47.90     0.037
   -0.63    -6.58    35.46        -0.68    -6.76    35.51     0.188
   -9.54   -28.01   -34.28        -9.48   -28.08   -34.32     0.095
   -2.81   -20.31   -13.26        -2.77   -20.39   -13.23     0.090
    5.04   -17.18   -12.99         4.97   -17.03   -12.98     0.161
   -7.58     2.32    30.57        -7.59     2.31    30.57     0.014
   33.20     7.49   -23.95        33.26     7.49   -23.97     0.060
    2.14    -6.94    44.75         2.15    -6.82    44.75     0.120
   29.22    13.30    17.56        29.26    13.33    17.59     0.064
  -17.58     2.86    -7.83       -17.54     2.80    -7.85     0.072
   -7.24     8.73    41.91        -7.09     8.73    41.89     0.154
   -2.33     5.45   -22.09        -2.32     5.48   -22.12     0.041
    7.04    20.32    -5.42         7.08    20.31    -5.40     0.046
   -4.31    -2.96    54.06        -4.32    -2.97    54.06     0.010
   -4.76   -18.48   -39.89        -4.79   -18.47   -39.87     0.033
   18.69    25.95   -11.00        18.69    25.85   -10.99     0.100
   31.62     7.02   -26.71        31.70     7.03   -26.77     0.099
   -8.17    23.27    33.61        -8.17    23.26    33.60     0.017
   -7.23    14.63    41.39        -7.32    14.65    41.42     0.097
  -36.18   -26.11   -31.30       -36.12   -26.05   -31.29     0.075
  -12.31   -30.97   -25.84       -12.35   -30.90   -25.85     0.087
   -5.36     9.01    -5.17        -5.42     9.14    -5.19     0.142
    2.54   -11.86   -26.11         2.51   -11.86   -26.08     0.049
  -12.09     8.27   -35.36       -12.12     8.21   -35.33     0.070
  -24.67   -32.31   -30.94       -24.66   -32.28   -30.93     0.027
   21.88     4.64    53.56        21.83     4.64    53.55     0.048
  -19.16    -5.55    -2.29       -19.17    -5.56    -2.29     0.010
   14.89    14.65    63.13        14.89    14.65    63.13     0.004
   30.01    -8.71     0.31        30.09    -8.82     0.33     0.130
   -6.64    11.21    44.92        -6.58    11.20    44.91     0.062
  -19.56   -32.67   -28.52       -19.55   -32.69   -28.52     0.019
  -28.23   -25.33   -41.61       -28.26   -25.40   -41.68     0.103
  -14.63   -13.40   -48.50       -14.66   -13.39   -48.45     0.063
  -36.80   -18.73   -12.29       -36.85   -18.75   -12.26     0.064
   34.02    15.92     7.21        34.03    15.92     7.22     0.008
  -28.63   -24.32   -10.26       -28.66   -24.36   -10.22     0.060
  -10.15    24.36    29.61       -10.12    24.27    29.59     0.095
   -3.65    18.80    11.08        -3.66    18.80    11.08     0.008
  -39.58     2.59   -27.04       -39.52     2.55   -27.04     0.069
   17.04    -3.26    55.88        17.10    -3.31    55.89     0.078
   31.96    -7.29    -5.73        32.02    -7.33    -5.74     0.075
   18.16    16.30    58.96        18.10    16.25    58.95     0.073
  -43.10    -3.59   -26.65       -43.07    -3.60   -26.65     0.031
   -8.99   -12.49     0.62        -8.99   -12.48     0.61     0.017
   -4.97    -4.81    33.21        -4.89    -4.73    33.17     0.123
   -0.63    -9.09    22.94        -0.63    -9.12    22.95     0.031
   -6.44   -27.40   -26.46        -6.38   -27.48   -26.45     0.108
   -7.41    -6.23    20.28        -7.30    -6.14    20.27     0.145
    6.13    19.82    51.79         6.04    20.06    51.82     0.260
  -32.62     3.13   -39.75       -32.62     3.13   -39.75     0.001
   32.98    -7.50   -12.93        33.00    -7.51   -12.92     0.026
  -21.77   -31.04   -16.93       -21.74   -30.93   -16.97     0.123
  -25.88   -31.74   -32.41       -25.88   -31.74   -32.41     0.001
   12.19    21.18   -15.05        12.08    21.22   -15.07     0.117
    2.51    -5.13   -25.60         2.52    -5.13   -25.61     0.009
   -3.11    -4.39    54.50        -3.16    -4.43    54.50     0.064
    7.46    -7.40    62.38         7.45    -7.35    62.37     0.057
   12.70    15.93   -27.28        12.73    15.95   -27.27     0.036
    7.81    -8.28   -22.94         7.81    -8.29   -22.93     0.011
  -12.65   -25.03   -41.55       -12.63   -25.05   -41.58     0.044
   -8.35   -12.15     1.60        -8.34   -12.09     1.57     0.073
  -26.30   -29.15   -37.35       -26.33   -29.25   -37.40     0.118
   -6.36   -19.42    -9.60        -6.37   -19.39    -9.63     0.032
