150 PA5-C-Debug-Output.txt 6
   75.9478   -5.0931  -42.3485  -39.5310  -14.3052  -28.2670
   22.98    11.81    30.66        22.98    11.81    30.66     0.000
  -23.75   -24.54    -7.25       -23.75   -24.54    -7.25     0.000
  -37.97     4.68   -26.20       -37.97     4.68   -26.20     0.000
   13.19    21.44    31.68        13.19    21.44    31.68     0.000
  -11.92     4.76    -4.92       -11.92     4.76    -4.92     0.000
    7.17    19.59    44.36         7.17    19.59    44.36     0.000
   -9.56    -5.61     7.86        -9.56    -5.61     7.86     0.000
    3.16   -13.92   -25.73         3.16   -13.92   -25.73     0.000
   -4.26    -0.59   -34.41        -4.26    -0.59   -34.41     0.000
    8.75    24.06    13.56         8.75    24.06    13.56     0.000
   -8.69     9.05    38.25        -8.69     9.05    38.25     0.000
  -14.66   -32.74   -23.09       -14.66   -32.74   -23.09     0.000
   26.43     1.46    17.50        26.43     1.46    17.50     0.000
  -16.16    20.33    26.49       -16.16    20.33    26.49     0.000
   15.02    -2.28    57.79        15.02    -2.28    57.79     0.000
  -35.52   -18.83   -40.56       -35.52   -18.83   -40.56     0.000
   13.20    -9.29   -24.84        13.20    -9.29   -24.84     0.000
  -36.92   -14.30    -8.82       -36.92   -14.30    -8.82     0.000
    9.87     9.76   -15.11         9.87     9.76   -15.11     0.000
   24.28     7.98   -31.99        24.28     7.98   -31.99     0.000
   -5.41    12.92    53.53        -5.41    12.92    53.53     0.000
    1.11    -6.94    64.01         1.11    -6.94    64.01     0.000
  -41.26     0.69   -27.66       -41.26     0.69   -27.66     0.000
  -32.85   -15.59   -44.54       -32.85   -15.59   -44.54     0.000
    1.45    18.21     5.09         1.45    18.21     5.09     0.000
   18.54     7.32   -27.39        18.54     7.32   -27.39     0.000
  -22.25     6.76   -40.46       -22.25     6.76   -40.46     0.000
   -5.92   -13.95    -1.96        -5.92   -13.95    -1.96     0.000
    1.51    19.58     7.44         1.51    19.58     7.44     0.000
  -27.40   -14.13    -3.74       -27.40   -14.13    -3.74     0.000
  -10.93   -27.48   -38.79       -10.93   -27.48   -38.79     0.000
   33.11    11.07     9.44        33.11    11.07     9.44     0.000
  -32.27     5.40   -37.43       -32.27     5.40   -37.43     0.000
   32.37    19.48   -13.54        32.37    19.48   -13.54     0.000
   25.77     7.81   -32.33        25.77     7.81   -32.33     0.000
   13.14    18.05   -16.78        13.14    18.05   -16.78     0.000
  -13.15    11.03    33.04       -13.15    11.03    33.04     0.000
    9.64    25.23     3.79         9.64    25.23     3.79     0.000
   36.80    -2.48    -7.97        36.80    -2.48    -7.97     0.000
   -2.10    14.85     6.60        -2.10    14.85     6.60     0.000
   11.43    19.02   -26.25        11.43    19.02   -26.25     0.000
    6.36    17.22    -4.65         6.36    17.22    -4.65     0.000
  -24.41   -15.53    -4.10       -24.41   -15.53    -4.10     0.000
   31.18     1.37   -30.69        31.18     1.37   -30.69     0.000
  -40.96    -0.45   -33.02       -40.96    -0.45   -33.02     0.000
   18.01   -17.95   -15.24        18.01   -17.95   -15.24     0.000
   -3.81    23.61    24.54        -3.81    23.61    24.54     0.000
    9.26   -16.63   -14.75         9.26   -16.63   -14.75     0.000
   -8.23   -23.78   -10.80        -8.23   -23.78   -10.80     0.000
   -9.78   -30.75   -23.53        -9.78   -30.75   -23.53     0.000
  -29.46   -30.50   -33.01       -29.46   -30.50   -33.01     0.000
   30.71     7.76   -31.33        30.71     7.76   -31.33     0.000
   32.22    15.89   -22.99        32.22    15.89   -22.99     0.000
   21.15     7.36   -30.52        21.15     7.36   -30.52     0.000
  -11.46    10.56    17.31       -11.46    10.56    17.31     0.000
   37.33    10.78   -14.26        37.33    10.78   -14.26     0.000
   28.77    12.79    15.35        28.77    12.79    15.35     0.000
  -43.65   -15.22   -26.41       -43.65   -15.22   -26.41     0.000
   36.18    -3.41    -1.03        36.18    -3.41    -1.03     0.000
   18.99     0.58    44.93        18.99     0.58    44.93     0.000
   12.25    19.40   -20.77        12.25    19.40   -20.77     0.000
    8.75   -15.27   -18.79         8.75   -15.27   -18.79     0.000
    8.76   -16.61    -9.97         8.76   -16.61    -9.97     0.000
  -14.17     3.24   -43.45       -14.17     3.24   -43.45     0.000
   28.24   -10.17    -4.68        28.24   -10.17    -4.68     0.000
  -41.44   -13.44   -15.63       -41.44   -13.44   -15.63     0.000
   12.89    25.66     9.37        12.89    25.66     9.37     0.000
   10.61    24.19    13.26        10.61    24.19    13.26     0.000
   17.19    21.77    21.98        17.19    21.77    21.98     0.000
   -7.29     7.58    -3.11        -7.29     7.58    -3.11     0.000
   20.19     8.04    48.98        20.19     8.04    48.98     0.000
  -15.61    21.34    25.81       -15.61    21.34    25.81     0.000
   -3.48    -3.24   -35.20        -3.48    -3.25   -35.20     0.000
  -36.19     1.66   -37.97       -36.19     1.66   -37.97     0.000
   -3.72    -5.63    26.45        -3.72    -5.63    26.45     0.000
  -42.75   -16.78   -23.31       -42.75   -16.78   -23.31     0.000
   -7.83     7.24    41.91        -7.83     7.24    41.91     0.000
   25.43     2.41   -32.08        25.43     2.41   -32.08     0.000
    4.66    -6.51    48.48         4.66    -6.51    48.48     0.000
   -9.16    15.85    14.76        -9.16    15.85    14.76     0.000
    6.31     6.86   -18.09         6.31     6.86   -18.09     0.000
   15.54   -12.58     2.16        15.54   -12.58     2.16     0.000
  -43.35   -16.08   -25.77       -43.35   -16.08   -25.77     0.000
   -5.85   -28.25   -22.04        -5.85   -28.25   -22.04     0.000
    1.83   -18.15    -9.70         1.83   -18.15    -9.70     0.000
   -5.82    17.28    12.62        -5.82    17.28    12.62     0.000
    7.02    21.67    27.29         7.02    21.67    27.29     0.000
   18.07    20.37    32.07        18.07    20.37    32.07     0.000
   -2.21   -19.80   -36.97        -2.21   -19.80   -36.97     0.000
  -21.78   -23.38   -44.75       -21.78   -23.38   -44.75     0.000
    6.77    -6.42    39.44         6.77    -6.42    39.44     0.000
   35.36    -4.26   -21.03        35.36    -4.26   -21.03     0.000
   25.45    24.02     0.56        25.45    24.02     0.56     0.000
   24.91    21.18   -26.33        24.91    21.18   -26.33     0.000
  -22.88     5.73   -12.90       -22.88     5.73   -12.90     0.000
    1.65    17.39    54.81         1.65    17.39    54.81     0.000
    7.75   -12.30     7.52         7.75   -12.30     7.52     0.000
   -3.73    15.54    48.80        -3.73    15.54    48.80     0.000
    4.96    -6.56    33.45         4.96    -6.56    33.45     0.000
   -2.25     4.92   -25.60        -2.25     4.92   -25.60     0.000
   -0.22    17.50    49.27        -0.22    17.50    49.27     0.000
   -9.27   -25.64   -12.10        -9.27   -25.64   -12.10     0.000
  -17.24     3.36    -8.54       -17.24     3.36    -8.54     0.000
   -2.46   -20.48   -36.52        -2.46   -20.48   -36.52     0.000
  -29.22   -31.35   -21.24       -29.22   -31.35   -21.24     0.000
  -36.58   -25.93   -27.10       -36.58   -25.93   -27.10     0.000
   12.33    -6.29    27.46        12.33    -6.29    27.46     0.000
   17.14   -13.54    -0.99        17.14   -13.54    -0.99     0.000
   34.10    -3.81     4.97        34.10    -3.81     4.97     0.000
   12.39    -5.64    41.60        12.39    -5.64    41.60     0.000
   -1.25     2.41   -27.07        -1.25     2.41   -27.07     0.000
  -12.49    -1.93     6.17       -12.49    -1.93     6.17     0.000
  -31.55   -24.63   -11.25       -31.55   -24.63   -11.25     0.000
    9.62    21.73    27.49         9.62    21.73    27.49     0.000
  -11.95    12.67   -25.40       -11.95    12.67   -25.40     0.000
  -27.09    -9.80   -47.80       -27.09    -9.80   -47.80     0.000
  -20.49   -29.82   -12.61       -20.49   -29.82   -12.61     0.000
   -3.37    -5.23   -37.99        -3.37    -5.23   -37.99     0.000
  -10.62    21.02    18.14       -10.62    21.02    18.14     0.000
  -31.54     1.78   -41.14       -31.54     1.78   -41.14     0.000
  -32.56     6.39   -35.11       -32.56     6.39   -35.11     0.000
  -19.40   -12.38    -3.10       -19.40   -12.38    -3.10     0.000
   -8.43   -30.05   -26.56        -8.43   -30.05   -26.56     0.000
   35.06    -4.29    -5.33        35.06    -4.29    -5.33     0.000
   24.57   -16.44   -16.39        24.57   -16.44   -16.39     0.000
    3.00   -16.60   -24.90         3.00   -16.60   -24.90     0.000
  -24.14   -32.87   -19.78       -24.14   -32.87   -19.78     0.000
    9.23    20.42    51.49         9.23    20.42    51.49     0.000
   -4.95    14.10    50.09        -4.95    14.10    50.09     0.000
   22.29    11.62    33.71        22.29    11.62    33.71     0.000
   -3.42    -9.99     6.12        -3.42    -9.99     6.12     0.000
   -7.88     6.80    38.88        -7.88     6.80    38.88     0.000
    1.76    17.56    53.07         1.76    17.56    53.07     0.000
   18.18     3.94    63.35        18.18     3.94    63.35     0.000
   11.29    -5.48    57.41        11.29    -5.48    57.41     0.000
  -38.17   -19.30   -14.05       -38.17   -19.30   -14.05     0.000
   -6.94    23.78    22.38        -6.94    23.78    22.38     0.000
   21.18     7.58    41.93        21.18     7.58    41.93     0.000
   25.60    -7.54     4.63        25.60    -7.54     4.63     0.000
    5.44    -9.25    16.73         5.44    -9.25    16.73     0.000
    8.85     0.42   -23.09         8.85     0.42   -23.09     0.000
  -21.73   -13.74   -47.90       -21.73   -13.74   -47.90     0.000
   23.68    23.54     5.89        23.68    23.54     5.89     0.000
    7.43   -14.38    -0.11         7.43   -14.38    -0.11     0.000
   15.52    -6.58    19.45        15.52    -6.58    19.45     0.000
   19.88     8.08   -29.10        19.88     8.08   -29.10     0.000
   -7.29   -17.15    -5.82        -7.29   -17.15    -5.82     0.000
   29.25     7.72    15.04        29.25     7.72    15.04     0.000
   -1.69   -23.99   -29.79        -1.69   -23.99   -29.79     0.000
  -40.50   -10.38   -12.73       -40.50   -10.38   -12.73     0.000
