400 PA5-E-Debug-Answer.txt 6
    1.0205   -8.9438 -101.6986  181.9540  115.4131  -40.9247
    2.89     6.19   -13.52         2.89     6.19   -13.52     0.001
   31.20   -11.16   -21.27        31.20   -11.10   -21.24     0.067
  -14.52   -25.63   -15.19       -14.52   -25.63   -15.19     0.007
   -0.98    -4.17   -36.37        -0.97    -4.16   -36.38     0.017
   -1.07    -3.49    42.36        -1.10    -3.63    42.39     0.150
  -35.61   -19.18   -34.86       -35.58   -19.15   -34.85     0.046
   30.49     1.67    26.16        30.54     1.65    26.18     0.054
   -8.87   -24.94   -36.27        -8.89   -24.92   -36.26     0.026
   34.97     1.23   -15.98        34.97     1.22   -15.98     0.011
   40.04    12.21    -0.57        40.04    12.21    -0.57     0.003
   22.29    -8.33    19.58        22.24    -8.13    19.52     0.221
   20.71   -15.77   -20.40        20.63   -15.76   -20.47     0.103
   -0.14    -1.83    46.94        -0.16    -1.91    46.97     0.088
    3.17   -20.72   -25.77         3.20   -20.75   -25.78     0.044
  -31.47    -5.01   -46.40       -31.49    -5.01   -46.41     0.024
   14.46   -17.87   -12.80        14.49   -17.83   -12.79     0.049
    9.64    -6.79   -23.02         9.63    -6.80   -22.99     0.035
   43.63     2.26    -8.04        43.60     2.26    -8.05     0.032
   -2.65    14.93     1.76        -2.66    14.94     1.76     0.016
  -31.82    10.57   -29.58       -31.90    10.72   -29.58     0.167
  -14.69    -1.31   -47.73       -14.69    -1.32   -47.68     0.046
   -1.52    21.52    38.76        -1.52    21.28    38.76     0.246
   -6.17    -5.95    18.62        -6.20    -6.00    18.63     0.054
   -3.30   -17.58   -40.35        -3.31   -17.58   -40.34     0.013
   15.87    27.12    46.26        15.84    27.08    46.27     0.049
   13.41   -15.27    -8.69        13.46   -15.25    -8.70     0.060
  -28.38   -26.34   -23.29       -28.38   -26.34   -23.29     0.006
   41.99     8.92    -2.17        41.90     8.88    -2.17     0.097
    0.43     0.34   -25.12         0.45     0.35   -25.12     0.024
   41.42     1.02   -10.63        41.42     0.99   -10.61     0.038
  -15.52     1.81   -46.99       -15.52     1.81   -46.99     0.003
   -5.95   -23.38   -21.33        -5.94   -23.41   -21.33     0.031
    2.70    -4.49    38.60         2.70    -4.49    38.60     0.004
    9.45    -9.93    17.79         9.42    -9.77    17.72     0.178
   29.91   -10.45    -2.55        29.83   -10.38    -2.56     0.102
   38.98     3.42   -14.89        38.94     3.44   -14.89     0.040
  -22.31    11.41   -12.05       -22.27    11.43   -12.00     0.074
   -1.15   -22.84   -30.51        -1.14   -22.88   -30.51     0.038
  -31.21   -24.84   -26.84       -31.21   -24.84   -26.84     0.001
  -11.19    16.46    42.49       -11.35    16.54    42.44     0.179
   31.05     2.37   -27.31        30.96     2.36   -27.27     0.099
  -14.11    13.76    47.29       -14.22    13.84    47.32     0.137
   -9.39   -24.54   -36.42        -9.40   -24.61   -36.46     0.085
  -36.21     6.53   -28.22       -36.33     6.57   -28.24     0.123
  -35.36   -10.46   -15.13       -35.38   -10.46   -15.11     0.021
    1.55    -3.05   -26.14         1.53    -3.07   -26.13     0.031
   29.93   -12.55   -15.66        29.82   -12.43   -15.63     0.167
  -12.88    10.67   -15.98       -12.89    10.66   -16.00     0.024
   18.40   -19.67   -17.92        18.44   -19.61   -17.90     0.073
   -2.49    -6.20   -41.53        -2.40    -6.16   -41.57     0.106
   37.44    -7.30     2.38        37.53    -7.37     2.41     0.116
   -5.62     0.26    45.95        -5.48     0.26    45.93     0.145
   29.99    19.67     8.09        30.00    19.68     8.11     0.018
   -2.88    21.47    41.20        -2.90    21.56    41.19     0.096
  -21.60     4.28   -46.23       -21.61     4.20   -46.17     0.097
   31.15    10.89   -22.63        31.17    10.91   -22.64     0.034
  -23.41   -16.06   -45.96       -23.42   -16.08   -46.01     0.056
    1.79   -21.59   -30.14         1.75   -21.55   -30.14     0.060
  -11.69    10.56   -35.70       -11.66    10.59   -35.71     0.046
    3.71    13.21    -6.85         3.69    13.17    -6.90     0.075
  -23.50   -17.64   -44.88       -23.50   -17.66   -44.90     0.034
  -19.24   -28.83   -22.99       -19.23   -28.72   -23.00     0.119
   30.91    20.02     7.50        30.88    19.97     7.49     0.062
    3.27    21.23    35.88         3.24    21.36    35.86     0.125
   24.50   -16.88   -13.00        24.50   -16.88   -13.00     0.002
    2.90    22.47    40.89         2.90    22.45    40.89     0.014
   37.39     3.82   -13.00        37.35     3.87   -13.04     0.071
   34.06     5.08   -16.20        34.03     5.08   -16.19     0.037
  -13.50     9.12   -42.52       -13.50     9.12   -42.52     0.003
  -17.21    10.77   -39.03       -17.24    10.78   -39.06     0.042
   -5.17     6.82   -16.36        -5.16     6.85   -16.36     0.035
    5.84   -11.11    11.02         5.85   -11.08    11.02     0.033
  -13.97     8.99   -42.15       -13.97     8.99   -42.15     0.004
  -37.20   -17.07   -19.25       -37.24   -17.09   -19.25     0.042
    1.65    -2.84   -25.89         1.65    -2.84   -25.88     0.012
  -35.34     4.00   -17.46       -35.38     4.00   -17.44     0.041
    3.73    21.15    31.61         3.72    21.16    31.61     0.010
  -24.59   -11.90   -47.63       -24.59   -11.90   -47.63     0.003
   30.06    20.09     1.26        30.02    20.02     1.26     0.081
    2.77   -10.31    16.53         2.77   -10.18    16.50     0.131
  -11.08   -27.13   -26.22       -11.10   -27.06   -26.23     0.081
   38.00    14.22     9.78        38.01    14.21     9.79     0.015
  -36.12   -19.08   -26.81       -36.20   -19.09   -26.82     0.074
  -14.10    10.38    11.99       -14.14    10.47    11.99     0.097
   -6.56    19.95    39.66        -6.53    19.93    39.67     0.037
   -4.45    12.84     0.83        -4.38    12.78     0.83     0.092
   28.28    -1.02    28.64        28.33    -1.05    28.66     0.068
   26.09    22.28    -5.17        26.08    22.24    -5.16     0.045
   40.71     6.38   -12.51        40.71     6.38   -12.51     0.002
   -4.29     2.99    54.99        -4.31     2.98    55.00     0.028
  -33.68   -22.97   -22.20       -33.69   -22.98   -22.19     0.020
   30.71    -4.79   -27.22        30.72    -4.79   -27.24     0.021
  -18.35    11.30    46.09       -18.32    11.28    46.07     0.047
   -1.98   -10.59   -42.72        -1.98   -10.59   -42.71     0.005
    8.70    -7.24   -23.39         8.71    -7.24   -23.42     0.026
   17.93   -17.76   -19.66        18.02   -17.72   -19.62     0.101
  -16.87   -27.45   -35.62       -16.87   -27.42   -35.60     0.035
   42.78     4.86    -4.78        42.80     4.86    -4.78     0.015
   30.54    17.43     8.53        30.53    17.43     8.52     0.008
   -2.86     5.26   -23.82        -2.83     5.27   -23.82     0.032
   15.89    -7.67    23.92        15.89    -7.64    23.92     0.029
  -21.29     4.58    19.46       -21.38     4.64    19.45     0.114
    8.44    -6.50    26.57         8.42    -6.44    26.55     0.072
   10.66    10.19   -28.52        10.63    10.16   -28.53     0.045
    0.86    -3.47   -27.18         0.92    -3.43   -27.23     0.094
   -3.54     1.54    52.49        -3.52     1.55    52.48     0.023
  -35.90     7.55   -25.59       -35.97     7.60   -25.59     0.087
   32.54    10.24    14.23        32.59    10.29    14.25     0.066
   41.40    -2.76     5.15        41.41    -2.76     5.15     0.002
   23.74    20.17   -20.43        23.71    20.08   -20.39     0.106
  -13.61    10.12    17.40       -13.57    10.20    17.43     0.095
   -1.29    -9.79    10.89        -1.32    -9.85    10.89     0.065
   24.94    -5.15    28.35        24.93    -5.14    28.35     0.013
   35.00    14.45    11.29        35.00    14.43    11.31     0.032
    8.19    20.88    12.14         8.20    20.86    12.14     0.030
   17.20    -3.02    60.28        17.14    -2.91    60.18     0.158
  -23.20    12.59    35.77       -23.11    12.53    35.74     0.116
    0.34    24.31    58.71         0.36    24.16    58.71     0.147
  -13.32     8.31    -0.56       -13.27     8.22    -0.55     0.100
   26.93   -15.39    -4.69        26.84   -15.29    -4.72     0.138
   39.15    -1.05   -20.71        39.15    -1.05   -20.71     0.008
   34.53    -8.06   -20.76        34.53    -8.07   -20.76     0.005
  -36.40   -17.81   -16.73       -36.37   -17.80   -16.79     0.064
   13.05    23.72     4.47        13.05    23.72     4.47     0.002
   26.26    22.22    -7.00        26.23    22.14    -7.00     0.084
   14.72    22.49     7.21        14.73    22.37     7.19     0.120
   34.44    -9.05   -12.45        34.43    -9.04   -12.45     0.015
    0.85    -3.93    41.92         0.87    -3.71    41.82     0.238
   30.66    19.75    -4.94        30.60    19.70    -4.95     0.080
  -21.20   -17.35    -6.75       -21.21   -17.37    -6.69     0.071
  -21.72   -29.19   -26.06       -21.70   -29.02   -26.05     0.175
   33.96    12.25   -12.05        33.95    12.25   -12.05     0.006
   19.95    -5.14   -19.95        19.92    -5.15   -20.00     0.049
  -10.48     9.56   -17.31       -10.38     9.69   -17.26     0.172
   -1.37    23.86    56.77        -1.33    23.69    56.79     0.174
   -8.64    11.08     6.04        -8.60    10.95     6.03     0.135
   16.72    20.43   -25.33        16.74    20.51   -25.38     0.092
   28.57   -11.21     0.58        28.53   -11.18     0.58     0.044
  -30.99     7.91   -38.44       -31.02     7.95   -38.45     0.051
   -0.82    22.95    49.52        -0.85    23.00    49.51     0.066
   15.32    24.03    35.46        15.32    24.02    35.46     0.019
   20.60    -3.76    44.08        20.68    -3.89    44.11     0.151
   24.11     5.69    48.58        24.09     5.70    48.57     0.016
    9.82     9.78    -7.53         9.82     9.80    -7.56     0.042
   21.01    20.51    17.22        20.97    20.45    17.20     0.072
   24.02    -1.81    39.14        24.16    -1.90    39.18     0.170
   -9.52    10.80    57.14        -9.38    10.96    57.11     0.214
   -6.30     2.67    43.53        -6.35     2.66    43.54     0.049
  -26.65   -23.48   -15.58       -26.65   -23.48   -15.58     0.004
   -1.52    -4.44   -37.42        -1.47    -4.40   -37.45     0.064
  -29.31   -25.54   -31.10       -29.35   -25.63   -31.11     0.099
   -8.68     9.82    -1.91        -8.66     9.77    -1.90     0.057
   -4.06   -20.91   -37.29        -4.08   -20.89   -37.27     0.037
   -0.54    12.69    61.59        -0.54    12.68    61.55     0.044
   39.20    12.97     6.38        39.22    12.94     6.39     0.032
   23.67    13.82    57.21        23.48    13.81    57.17     0.186
   23.91     9.18    53.80        23.96     9.17    53.80     0.050
   -4.96    -2.54    37.53        -5.15    -2.70    37.57     0.244
   29.16    13.04    17.07        29.26    13.14    17.09     0.140
  -15.37   -10.51   -48.61       -15.38   -10.50   -48.56     0.052
  -22.95   -28.53   -28.59       -22.97   -28.59   -28.61     0.067
  -26.49   -20.69   -42.54       -26.48   -20.74   -42.61     0.087
   32.24    11.54   -18.31        32.22    11.50   -18.30     0.044
    8.80    -6.26    27.14         8.79    -6.33    27.14     0.070
    2.70    -7.78   -35.31         2.70    -7.78   -35.31     0.005
   11.81    23.63    -7.19        11.81    23.76    -7.23     0.138
  -27.98   -26.64   -26.40       -27.93   -26.56   -26.39     0.091
   13.93    22.02     9.84        13.92    22.08     9.84     0.052
   -8.90    10.65    57.41        -8.93    10.62    57.41     0.033
   33.31     3.87    18.87        33.19     3.82    18.79     0.152
  -16.84     6.90    -9.67       -16.83     6.88    -9.68     0.028
    8.05     0.56    62.49         8.04     0.56    62.52     0.033
  -35.71   -18.17   -36.55       -35.70   -18.16   -36.54     0.017
  -24.43   -27.80   -30.43       -24.41   -27.73   -30.41     0.078
  -18.91     6.20     8.86       -19.06     6.29     8.85     0.173
  -19.82     2.33    24.39       -19.85     2.19    24.36     0.145
   27.25    21.54    -6.85        27.26    21.56    -6.86     0.029
   35.12    10.14   -14.95        35.13    10.15   -14.96     0.016
    3.92    21.68     1.80         3.82    21.84     1.80     0.195
    9.78   -12.62   -24.03         9.85   -12.60   -24.13     0.117
   35.87    -6.32   -20.09        35.87    -6.32   -20.09     0.001
  -18.57     7.71    16.30       -18.61     7.76    16.30     0.072
   -0.14   -11.69    -0.47        -0.14   -11.68    -0.47     0.007
   -7.54     8.13   -19.48        -7.54     8.13   -19.48     0.004
   19.10    13.25   -33.52        19.09    13.23   -33.51     0.023
  -18.54     9.00   -12.73       -18.53     8.99   -12.62     0.105
  -10.58     6.15    45.19       -10.59     6.12    45.20     0.039
    7.70    -7.16    24.30         7.68    -7.14    24.28     0.037
   23.33    -2.61   -24.98        23.35    -2.59   -24.95     0.044
  -26.31     0.67   -46.71       -26.28     0.64   -46.65     0.076
  -22.47   -27.92   -32.61       -22.45   -27.89   -32.60     0.031
   36.67    14.83    10.83        36.67    14.79    10.86     0.048
    7.07    -4.68   -23.96         7.07    -4.68   -23.97     0.006
    0.16   -10.25   -39.90         0.26   -10.27   -39.96     0.122
   28.68    13.94    17.27        28.54    13.79    17.24     0.212
  -14.41     9.66    19.50       -14.33     9.61    19.54     0.107
   -5.75   -23.87   -23.05        -5.77   -23.77   -23.08     0.104
  -17.28    -8.22    -2.07       -17.26    -8.20    -2.10     0.042
  -25.54    -9.43   -48.00       -25.54    -9.44   -48.02     0.016
   14.91    -4.54    56.90        14.87    -4.45    56.90     0.090
   -0.08    15.29    -6.12        -0.05    15.28    -6.11     0.032
  -26.66    -2.65    -9.21       -26.66    -2.65    -9.21     0.001
   -8.73     2.25    37.39        -8.71     2.29    37.37     0.045
   -0.89   -19.45   -38.51        -0.91   -19.45   -38.55     0.040
    1.73    23.94    52.43         1.73    23.96    52.43     0.015
   -9.15   -23.23   -15.39        -9.14   -23.25   -15.38     0.020
  -22.12     4.07    21.70       -22.12     4.07    21.70     0.009
   21.67    -1.80    49.12        21.61    -1.75    49.10     0.072
  -29.04   -19.01   -43.95       -29.01   -18.98   -43.89     0.072
    5.24    -4.05    60.83         5.24    -4.06    60.83     0.015
  -36.97     5.17   -22.35       -36.86     5.15   -22.40     0.114
  -34.75   -18.44   -16.06       -34.74   -18.44   -16.06     0.006
  -11.29   -23.75   -13.04       -11.33   -23.74   -13.17     0.134
    8.83     0.01    62.33         8.84    -0.01    62.38     0.056
   28.85   -12.01   -19.40        28.93   -12.14   -19.41     0.151
   12.08    -3.96    60.93        12.07    -3.89    60.90     0.075
  -17.33     0.76    18.97       -17.30     0.83    18.96     0.072
   18.18    24.51    59.31        18.33    24.63    59.34     0.192
   26.00    -8.70    12.28        25.96    -8.65    12.26     0.068
   -7.37    19.39    52.00        -7.33    19.36    52.01     0.051
  -11.24    16.27    48.76       -11.27    16.31    48.76     0.053
   -9.90   -24.74   -35.78        -9.91   -24.87   -35.86     0.154
  -17.36     0.84    14.89       -17.50     0.69    14.94     0.217
    2.39    17.02   -10.84         2.31    17.03   -10.88     0.098
   33.74    12.70   -11.79        33.81    12.73   -11.82     0.075
    9.38   -10.12   -23.93         9.38   -10.12   -23.94     0.007
   -6.38   -10.40   -46.17        -6.36   -10.41   -46.23     0.070
    8.84    11.67   -21.91         8.88    11.69   -21.92     0.045
  -13.20    10.69     8.54       -13.19    10.63     8.55     0.056
  -21.84   -29.01   -28.51       -21.84   -29.00   -28.51     0.011
   -4.38   -19.96   -10.83        -4.38   -19.92   -10.85     0.042
   13.43    -5.70    42.51        13.46    -5.60    42.49     0.111
  -23.60    12.39    33.71       -23.56    12.36    33.72     0.056
   -5.31    -8.01     9.60        -5.27    -7.92     9.57     0.104
  -11.81   -22.58   -13.03       -11.81   -22.57   -13.00     0.030
   32.01     8.91    17.80        31.97     8.90    17.78     0.042
  -10.06    10.79    11.55       -10.01    10.69    11.56     0.119
  -20.11    -9.19   -50.17       -20.10    -9.15   -50.11     0.074
  -21.34    13.30    33.25       -21.37    13.38    33.24     0.085
   16.57   -16.18   -19.21        16.58   -16.16   -19.19     0.028
    7.85    14.04   -22.03         7.87    14.05   -22.03     0.022
  -29.89   -25.33   -31.28       -29.91   -25.37   -31.28     0.041
  -19.76     1.70     0.91       -19.70     1.67     0.89     0.071
   -8.87    10.98    10.04        -8.91    11.05    10.03     0.087
   10.36   -16.09   -20.38        10.34   -16.02   -20.33     0.089
   36.82    12.13    -7.66        36.76    12.07    -7.61     0.094
   -5.11     6.94   -15.88        -5.13     6.88   -15.87     0.063
   15.98    23.28    15.55        15.94    23.41    15.54     0.131
   -0.32     0.30   -26.00        -0.31     0.31   -26.00     0.018
   32.03   -10.56   -18.37        32.03   -10.55   -18.37     0.010
    1.24    18.99    -0.11         1.14    19.10    -0.14     0.144
   29.49    20.23     1.04        29.51    20.28     1.04     0.047
  -14.70   -26.92   -19.14       -14.72   -26.87   -19.15     0.057
  -26.50     9.10   -11.30       -26.51     9.09   -11.27     0.035
  -25.31   -14.23   -46.72       -25.29   -14.19   -46.66     0.079
  -18.91     5.86   -10.13       -18.93     5.89   -10.11     0.041
    6.19   -17.15   -27.11         6.13   -17.15   -27.06     0.077
    5.65    -4.44    49.01         5.60    -4.56    49.00     0.131
    9.35     0.16   -17.98         9.34     0.18   -18.01     0.032
    0.83   -12.67   -38.56         0.84   -12.66   -38.61     0.053
  -31.27     4.62   -10.83       -31.37     4.60   -10.79     0.110
  -19.47     3.07     3.36       -19.65     3.07     3.35     0.175
  -14.94    11.74    49.46       -14.82    11.67    49.44     0.135
  -25.04    10.30   -11.16       -25.04    10.35   -11.13     0.057
   24.82    14.81    43.58        25.05    14.87    43.60     0.232
    0.57   -10.66    10.01         0.59   -10.55    10.01     0.110
    0.48    -0.13   -25.56         0.43    -0.16   -25.59     0.059
   -0.48    -4.74   -36.18        -0.48    -4.74   -36.18     0.001
  -38.00     1.88   -28.49       -38.01     1.89   -28.49     0.013
   -2.53   -10.92     1.27        -2.53   -10.85     1.24     0.076
   -5.23   -20.78   -12.76        -5.22   -20.86   -12.72     0.091
  -10.51     8.61    49.83       -10.55     8.55    49.86     0.080
   13.57   -14.54   -20.74        13.56   -14.54   -20.73     0.006
  -21.99     4.28   -46.19       -21.99     4.23   -46.14     0.063
   15.52    -3.45    60.70        15.48    -3.37    60.63     0.111
  -35.84     7.57   -29.70       -35.77     7.55   -29.69     0.069
   24.65     3.06    43.78        24.62     3.07    43.77     0.029
   -2.82   -11.78   -43.37        -2.84   -11.78   -43.35     0.032
   16.27   -18.65   -16.67        16.28   -18.62   -16.67     0.035
   34.97    15.98    -5.13        34.89    15.86    -5.13     0.142
   34.07     3.00    18.24        33.97     2.95    18.18     0.129
  -31.88     7.32   -38.56       -31.81     7.23   -38.53     0.117
  -12.48     5.57    42.78       -12.50     5.47    42.82     0.117
  -28.59    11.27   -33.29       -28.68    11.38   -33.31     0.144
  -16.66   -29.17   -30.05       -16.63   -29.25   -30.08     0.095
    4.04    10.87    -7.31         4.03    10.86    -7.30     0.012
   24.49    13.75    52.14        24.47    13.75    52.14     0.028
   -5.04   -21.01   -12.76        -5.04   -21.00   -12.77     0.009
   -6.46   -21.45   -39.05        -6.51   -21.37   -39.01     0.111
   14.84     1.91    61.66        14.85     1.91    61.72     0.064
  -27.98   -24.54   -37.57       -27.98   -24.54   -37.57     0.001
   31.64   -11.01   -19.63        31.64   -10.98   -19.65     0.034
   -3.03    17.28    21.72        -2.97    17.12    21.75     0.175
   26.14    -6.89   -24.25        26.20    -6.85   -24.18     0.100
  -18.56    12.07   -14.65       -18.57    12.05   -14.66     0.020
   31.51   -11.01   -14.12        31.54   -11.03   -14.13     0.036
  -29.58   -17.47   -44.25       -29.60   -17.49   -44.31     0.064
   -5.81     1.98   -41.91        -5.81     1.96   -41.96     0.051
   36.20    -7.61   -14.05        36.17    -7.58   -14.05     0.037
    2.88    -2.27   -25.06         2.89    -2.25   -25.09     0.027
   35.03    -6.51   -21.75        35.05    -6.52   -21.76     0.029
   24.57     6.29    46.35        24.61     6.28    46.36     0.038
   -2.06     0.39    53.01        -2.22     0.23    53.03     0.220
   11.40    -6.57    27.92        11.42    -6.50    27.91     0.073
   35.66    12.86    -8.74        35.59    12.86    -8.71     0.071
  -27.62    12.58   -19.47       -27.61    12.54   -19.48     0.040
  -14.17    13.22    35.98       -14.20    13.42    35.94     0.213
  -22.82   -27.00   -19.16       -22.83   -27.03   -19.15     0.041
   -0.46    16.50    60.93        -0.46    16.50    60.94     0.011
  -16.29   -23.31   -12.24       -16.33   -23.28   -12.31     0.084
    5.45   -11.33     6.87         5.45   -11.34     6.87     0.009
  -27.07   -20.49   -42.96       -27.07   -20.47   -42.93     0.034
   11.89   -12.87     4.58        11.91   -12.78     4.56     0.091
   -9.00   -23.69   -18.34        -8.96   -23.75   -18.33     0.067
   20.86   -12.88     8.49        20.84   -12.86     8.47     0.024
  -21.20   -28.93   -25.32       -21.19   -28.85   -25.34     0.091
   -3.34    -2.86   -39.95        -3.38    -2.89   -39.94     0.049
  -16.08     9.01    48.75       -16.17     9.07    48.68     0.124
    5.96    24.16    59.82         5.96    24.10    59.80     0.063
  -38.39   -14.97   -17.86       -38.38   -14.97   -17.86     0.011
   23.07     9.73   -32.60        23.07     9.75   -32.63     0.032
   40.65     8.14   -10.45        40.70     8.09   -10.39     0.095
  -35.60    -7.42   -40.99       -35.52    -7.42   -40.93     0.102
  -19.10   -28.99   -24.78       -19.10   -28.99   -24.78     0.002
  -19.97    -8.76   -50.31       -19.99    -8.81   -50.37     0.080
   13.61     3.80   -18.60        13.61     3.79   -18.57     0.030
   -2.60    17.29    61.01        -2.61    17.29    61.00     0.012
  -34.71   -20.47   -17.49       -34.74   -20.49   -17.48     0.040
    6.04    23.84    45.44         6.05    23.77    45.46     0.072
    7.47   -17.88   -13.87         7.47   -17.78   -13.89     0.098
  -22.73    -1.68    -7.56       -22.75    -1.67    -7.54     0.028
    6.83    -4.98    42.73         6.83    -5.05    42.73     0.069
  -31.60    -5.06   -46.28       -31.60    -5.06   -46.28     0.003
   -2.43    -8.75    14.56        -2.48    -8.83    14.57     0.094
  -37.34   -16.60   -17.23       -37.39   -16.62   -17.22     0.049
   37.45    14.89     4.85        37.41    14.84     4.86     0.062
   29.02    -9.84     3.11        28.97    -9.81     3.09     0.059
    5.34    21.06    -8.85         5.30    21.12    -8.88     0.076
   -7.47   -25.27   -22.77        -7.50   -25.19   -22.81     0.102
   20.73     2.33   -28.39        20.65     2.28   -28.42     0.098
    2.85    14.07    61.07         2.85    14.08    61.10     0.022
    6.32   -10.71    13.15         6.29   -10.76    13.17     0.063
   18.89    -2.08   -20.07        18.87    -2.09   -20.10     0.036
  -10.30    13.43    59.17       -10.30    13.43    59.17     0.000
   12.07    23.21    29.80        12.08    23.28    29.81     0.068
   12.96     8.15   -14.01        12.92     8.14   -14.01     0.040
    1.26    20.11    28.90         1.27    20.08    28.90     0.033
   -4.15    -1.80    46.23        -4.15    -1.84    46.25     0.048
   -3.54     5.79   -21.35        -3.71     5.69   -21.42     0.208
   20.32    23.39    -7.86        20.35    23.50    -7.88     0.108
   42.00     2.45    -0.99        42.08     2.43    -1.00     0.079
  -19.51   -26.86   -37.01       -19.51   -26.93   -37.05     0.084
  -10.63    14.52    59.94       -10.48    14.56    59.91     0.161
   16.93    -4.30   -19.49        16.93    -4.29   -19.53     0.043
  -13.01    14.63    49.57       -12.98    14.61    49.57     0.029
    6.85   -10.60   -26.81         6.77   -10.61   -26.74     0.107
    3.66    -1.82    62.01         3.67    -1.82    62.05     0.042
   13.45    -4.15    60.11        13.45    -4.20    60.15     0.067
   22.06    20.38    50.44        21.94    20.27    50.46     0.164
   36.20    -6.99    -9.30        36.12    -6.97    -9.31     0.081
   21.86    20.75    12.94        21.89    20.80    12.95     0.065
   19.82   -13.81   -20.02        19.81   -13.77   -19.98     0.056
    5.46    23.95    60.09         5.47    24.04    60.12     0.093
   -4.96    -6.82    17.41        -5.01    -6.92    17.43     0.114
   21.52   -15.47     4.16        21.53   -15.48     4.16     0.006
    3.93    21.67    37.75         3.90    21.78    37.74     0.116
    8.45    -5.09    40.30         8.44    -5.17    40.30     0.083
  -18.02     8.00    10.48       -17.99     7.97    10.48     0.037
  -27.73   -15.06    -8.40       -27.73   -15.01    -8.29     0.115
   23.08    19.37    15.00        23.06    19.34    14.99     0.034
  -20.98    -0.80   -48.83       -20.97    -0.81   -48.85     0.028
    1.27    23.87    53.76         1.25    23.96    53.75     0.090
   13.84    24.47    60.10        13.84    24.48    60.06     0.048
  -10.84    12.31    53.43       -10.82    12.31    53.43     0.015
  -13.41   -11.45   -48.14       -13.42   -11.46   -48.17     0.036
   28.06   -12.75   -19.81        28.06   -12.75   -19.81     0.003
   20.72   -17.08   -20.53        20.72   -17.07   -20.53     0.009
    6.18    -5.59    30.68         6.17    -5.79    30.69     0.205
   23.78     3.58    48.45        23.64     3.62    48.42     0.143
   36.05    13.65    -6.71        36.09    13.67    -6.73     0.053
   -1.38     0.06    57.28        -1.40     0.04    57.28     0.031
  -36.93   -11.95   -15.87       -37.02   -11.96   -15.87     0.089
  -30.97     5.26   -40.62       -30.97     5.25   -40.62     0.012
  -10.37   -22.49   -13.75       -10.42   -22.47   -13.82     0.080
   38.06    14.17     9.67        38.07    14.15     9.69     0.032
   24.41   -15.53    -0.19        24.47   -15.61    -0.15     0.108
  -34.45   -19.85   -16.50       -34.46   -19.86   -16.48     0.028
    8.23    -4.84    48.59         8.24    -5.05    48.61     0.210
  -26.69   -23.82   -40.19       -26.68   -23.79   -40.16     0.044
   30.66     8.07    23.04        30.52     8.03    23.00     0.144
   10.43    23.12    28.77        10.46    23.01    28.78     0.113
    7.24   -10.54    15.34         7.19   -10.64    15.37     0.119
  -19.93    14.40   -29.64       -19.91    14.48   -29.64     0.088
   -4.84     1.49   -41.71        -4.84     1.47   -41.75     0.039
   -0.96   -17.93    -9.34        -0.99   -17.90    -9.38     0.050
   33.06    -4.45    11.32        33.06    -4.44    11.31     0.017
    0.51    -3.78   -32.66         0.50    -3.80   -32.66     0.027
   37.55    -3.82   -18.15        37.45    -4.01   -18.26     0.236
   33.48    -7.37     2.67        33.50    -7.29     2.63     0.094
   41.95     2.31   -13.89        41.87     2.26   -13.86     0.098
