150 PA5-D-Debug-Output.txt 6
   29.0360  -87.9190   73.1098 -174.4320  -97.0256  -90.6448
   10.30    -6.91    26.35        10.30    -6.91    26.35     0.000
    7.39    21.90    29.64         7.39    21.90    29.64     0.000
  -23.41     0.30    -7.95       -23.41     0.30    -7.95     0.000
   -4.34   -17.71   -36.00        -4.34   -17.71   -36.00     0.000
   -5.05    13.89    29.44        -5.05    13.89    29.44     0.000
   -8.10     2.89   -31.93        -8.10     2.89   -31.93     0.000
   36.58    17.44   -11.87        36.58    17.44   -11.87     0.000
   16.10     6.32   -25.53        16.10     6.32   -25.53     0.000
  -44.56   -18.73   -31.36       -44.56   -18.73   -31.36     0.000
   -2.79     8.14    59.91        -2.79     8.14    59.91     0.000
  -20.37   -18.52   -47.87       -20.37   -18.52   -47.87     0.000
   -5.03   -30.51   -17.00        -5.03   -30.51   -17.00     0.000
   18.87    -5.02    17.20        18.87    -5.02    17.20     0.000
    7.18   -15.80   -19.40         7.18   -15.80   -19.40     0.000
   33.33    -1.33     5.02        33.33    -1.33     5.02     0.000
    3.71    25.01    25.53         3.71    25.01    25.53     0.000
  -10.39    -1.13     7.81       -10.39    -1.13     7.81     0.000
   -8.22   -22.50   -39.94        -8.22   -22.50   -39.94     0.000
  -19.42   -17.25    -2.19       -19.42   -17.25    -2.19     0.000
   -0.10    30.28    17.43        -0.10    30.28    17.43     0.000
  -15.29     9.52   -17.97       -15.29     9.52   -17.97     0.000
    4.31   -20.02   -13.04         4.31   -20.02   -13.04     0.000
   40.18     4.69   -12.76        40.18     4.69   -12.76     0.000
  -23.22    -8.93   -48.19       -23.22    -8.93   -48.19     0.000
  -26.60    13.90   -30.38       -26.60    13.90   -30.38     0.000
  -17.96     0.49    -2.69       -17.96     0.49    -2.69     0.000
   -7.78   -32.05   -18.00        -7.78   -32.05   -18.00     0.000
   14.27    29.23    12.31        14.27    29.23    12.31     0.000
   22.70   -14.17    -5.49        22.70   -14.17    -5.49     0.000
    0.03    16.43    38.22         0.03    16.43    38.22     0.000
   -8.27    -0.22    27.06        -8.27    -0.22    27.06     0.000
   18.76    25.27    26.06        18.76    25.27    26.06     0.000
   -4.83     8.49    -7.05        -4.83     8.49    -7.05     0.000
   32.57     7.91   -32.85        32.57     7.91   -32.85     0.000
  -39.83   -28.91   -20.15       -39.83   -28.91   -20.15     0.000
  -14.45    26.26    10.76       -14.45    26.26    10.76     0.000
  -15.45   -22.83    -2.94       -15.45   -22.83    -2.94     0.000
   -7.88     3.51    15.89        -7.88     3.51    15.89     0.000
   23.72    26.19    14.72        23.72    26.19    14.72     0.000
    7.26    15.42    51.40         7.26    15.42    51.40     0.000
   14.28   -18.68    -4.27        14.28   -18.68    -4.27     0.000
    6.80    25.98    21.33         6.80    25.98    21.33     0.000
   -5.05     9.56    -9.74        -5.05     9.56    -9.74     0.000
   18.17    21.97    36.63        18.17    21.97    36.63     0.000
  -14.53     6.24    -9.31       -14.53     6.24    -9.31     0.000
   16.03     8.46    55.16        16.03     8.46    55.16     0.000
   37.22    14.99   -27.04        37.22    14.99   -27.04     0.000
   18.20   -10.63   -18.20        18.20   -10.63   -18.20     0.000
   21.17     5.01    35.36        21.17     5.01    35.36     0.000
   18.82    12.83    40.13        18.82    12.83    40.13     0.000
  -45.07   -15.73   -13.45       -45.07   -15.73   -13.45     0.000
    8.16   -17.12    -6.31         8.16   -17.12    -6.31     0.000
   23.57    27.89    12.41        23.57    27.89    12.41     0.000
   -7.75    28.39     5.40        -7.75    28.39     5.40     0.000
   -9.80   -20.69    -2.73        -9.80   -20.69    -2.73     0.000
  -26.98   -23.94    -1.62       -26.98   -23.94    -1.62     0.000
    0.21   -25.57   -23.09         0.21   -25.57   -23.09     0.000
  -34.86     7.78   -15.99       -34.86     7.78   -15.99     0.000
   20.15   -15.86   -13.06        20.15   -15.86   -13.06     0.000
  -22.11   -23.50    -2.76       -22.11   -23.50    -2.76     0.000
  -28.24   -21.13   -46.99       -28.24   -21.13   -46.99     0.000
   21.27     4.27    34.65        21.27     4.27    34.65     0.000
   21.39    30.59   -25.12        21.39    30.59   -25.12     0.000
   -3.08   -10.37    12.63        -3.08   -10.37    12.63     0.000
   17.63    -4.82    20.69        17.63    -4.82    20.69     0.000
  -39.64   -23.10    -9.96       -39.64   -23.10    -9.96     0.000
    0.25    -9.06    64.96         0.25    -9.06    64.96     0.000
  -23.26   -37.11   -28.10       -23.26   -37.11   -28.10     0.000
   31.91    20.44     4.20        31.91    20.44     4.20     0.000
   17.73    20.37   -20.09        17.73    20.37   -20.09     0.000
  -38.07     5.55   -31.55       -38.07     5.55   -31.55     0.000
   20.81    -5.29   -22.63        20.81    -5.29   -22.63     0.000
   15.73    -2.96    62.32        15.73    -2.96    62.32     0.000
   16.32    24.28   -32.03        16.32    24.28   -32.03     0.000
  -15.99    -2.94   -46.78       -15.99    -2.94   -46.78     0.000
   -5.17   -30.08   -14.82        -5.17   -30.08   -14.82     0.000
  -38.35     1.97   -38.92       -38.35     1.97   -38.92     0.000
   29.56    12.05   -32.42        29.56    12.05   -32.42     0.000
   15.23    17.40    45.16        15.23    17.40    45.16     0.000
   13.13    -7.19    17.10        13.13    -7.19    17.10     0.000
  -29.62   -35.28   -15.96       -29.62   -35.28   -15.96     0.000
  -39.37     0.04   -39.72       -39.37     0.04   -39.72     0.000
   11.91    18.60    48.43        11.91    18.60    48.43     0.000
   -8.80   -29.62    -9.29        -8.80   -29.62    -9.29     0.000
   -3.19    10.48    37.76        -3.19    10.48    37.76     0.000
   -7.66    -4.17    14.73        -7.66    -4.17    14.73     0.000
   35.86    -1.45   -11.20        35.86    -1.45   -11.20     0.000
   19.04    20.08    36.44        19.04    20.08    36.44     0.000
  -39.83   -27.51   -30.67       -39.83   -27.51   -30.67     0.000
    6.43   -10.95    16.09         6.43   -10.95    16.09     0.000
    7.15    -7.66    65.27         7.15    -7.66    65.27     0.000
   38.41    15.53   -18.67        38.41    15.53   -18.67     0.000
   36.87     7.60   -30.76        36.87     7.60   -30.76     0.000
    1.19    -8.99    26.93         1.19    -8.99    26.93     0.000
    9.63    -8.10    48.61         9.63    -8.10    48.61     0.000
   26.52     4.39    17.01        26.52     4.39    17.01     0.000
   -5.43    -5.33    43.91        -5.43    -5.33    43.91     0.000
   15.43    -3.24    63.06        15.43    -3.24    63.06     0.000
  -16.59   -31.37   -11.65       -16.59   -31.37   -11.65     0.000
   -3.26    -5.83    26.27        -3.26    -5.83    26.27     0.000
    9.90    10.32    63.64         9.90    10.32    63.64     0.000
   21.40   -14.69    -5.58        21.40   -14.69    -5.58     0.000
  -10.61   -29.55   -36.48       -10.61   -29.55   -36.48     0.000
  -42.73    -2.88   -10.03       -42.73    -2.88   -10.03     0.000
    5.87   -18.13   -16.91         5.87   -18.13   -16.91     0.000
    7.04     5.10    66.19         7.04     5.10    66.19     0.000
   34.21    -0.48     3.75        34.21    -0.48     3.75     0.000
   19.62    12.06    38.61        19.62    12.06    38.61     0.000
  -45.44    -5.49   -35.14       -45.44    -5.49   -35.14     0.000
   -1.93   -11.10   -28.23        -1.93   -11.10   -28.23     0.000
  -44.48   -18.75   -31.91       -44.48   -18.75   -31.91     0.000
   15.75    -5.94    20.05        15.75    -5.94    20.05     0.000
   21.66    -5.27   -23.35        21.66    -5.27   -23.35     0.000
   22.80   -14.13    -5.57        22.80   -14.13    -5.57     0.000
   -0.83   -11.28   -27.13        -0.83   -11.28   -27.13     0.000
    4.02   -12.79     8.43         4.02   -12.79     8.43     0.000
    0.61     6.65   -20.97         0.61     6.65   -20.97     0.000
    8.30    25.59     7.34         8.30    25.59     7.34     0.000
   -0.78    27.66     5.97        -0.78    27.66     5.97     0.000
    1.31    10.81    -4.01         1.31    10.81    -4.01     0.000
   13.99    18.95    43.91        13.99    18.95    43.91     0.000
    8.03   -16.93     4.91         8.03   -16.93     4.91     0.000
   32.86    23.29   -22.13        32.86    23.29   -22.13     0.000
   -4.91     7.95    -5.37        -4.91     7.95    -5.37     0.000
  -14.99   -33.56   -32.49       -14.99   -33.56   -32.49     0.000
  -17.01   -30.40    -9.47       -17.01   -30.40    -9.47     0.000
  -28.58   -32.71   -36.12       -28.58   -32.71   -36.12     0.000
   -3.14     7.99    58.61        -3.14     7.99    58.61     0.000
  -33.11   -35.11   -27.65       -33.11   -35.11   -27.65     0.000
    2.54    -5.93   -25.15         2.54    -5.93   -25.15     0.000
  -39.73     3.77   -14.98       -39.73     3.77   -14.98     0.000
    7.86    -8.73    52.15         7.86    -8.73    52.15     0.000
   25.99    20.59    17.30        25.99    20.59    17.30     0.000
   22.78    29.81     6.72        22.78    29.81     6.72     0.000
   -9.77    13.57    19.96        -9.77    13.57    19.96     0.000
  -24.60    11.02   -35.16       -24.60    11.02   -35.16     0.000
   -9.62   -30.67   -10.37        -9.62   -30.67   -10.37     0.000
   16.11    29.29    -2.31        16.11    29.29    -2.31     0.000
  -33.48     8.60   -16.17       -33.48     8.60   -16.17     0.000
   -6.65    -1.04   -33.61        -6.65    -1.04   -33.61     0.000
    6.91    -2.14   -22.75         6.91    -2.14   -22.75     0.000
   20.90    12.83    34.33        20.90    12.83    34.33     0.000
   26.38    -1.61    10.64        26.38    -1.61    10.64     0.000
  -38.98     2.17   -38.40       -38.98     2.17   -38.40     0.000
  -47.65    -7.28   -23.14       -47.65    -7.28   -23.14     0.000
   34.40    11.12   -33.14        34.40    11.12   -33.14     0.000
  -26.71   -28.62   -42.34       -26.71   -28.62   -42.34     0.000
    1.60    -8.51    46.41         1.60    -8.51    46.41     0.000
   19.75     8.15   -28.53        19.75     8.15   -28.53     0.000
   34.56    -0.96   -31.11        34.56    -0.96   -31.11     0.000
