400 PA5-E-Debug-Output.txt 6
    0.8681   -8.6568 -102.1156  181.7725  115.3403  -41.0307
    2.87     6.20   -13.52         2.87     6.19   -13.52     0.010
   31.18   -11.15   -21.27        31.18   -11.09   -21.26     0.053
  -14.54   -25.63   -15.21       -14.53   -25.65   -15.20     0.029
   -1.00    -4.15   -36.38        -0.99    -4.14   -36.39     0.017
   -1.11    -3.51    42.35        -1.13    -3.62    42.38     0.116
  -35.63   -19.16   -34.89       -35.59   -19.13   -34.89     0.051
   30.45     1.66    26.16        30.51     1.64    26.18     0.065
   -8.89   -24.92   -36.30        -8.89   -24.92   -36.30     0.002
   34.95     1.24   -15.98        34.95     1.24   -15.98     0.002
   40.01    12.21    -0.56        40.02    12.22    -0.56     0.012
   22.25    -8.34    19.57        22.20    -8.14    19.51     0.220
   20.69   -15.76   -20.42        20.62   -15.74   -20.47     0.089
   -0.18    -1.86    46.93        -0.19    -1.90    46.94     0.047
    3.15   -20.70   -25.79         3.19   -20.75   -25.81     0.067
  -31.49    -4.99   -46.42       -31.48    -4.99   -46.42     0.004
   14.43   -17.86   -12.81        14.47   -17.82   -12.81     0.057
    9.62    -6.78   -23.03         9.61    -6.79   -22.99     0.040
   43.60     2.27    -8.04        43.58     2.27    -8.04     0.017
   -2.68    14.93     1.76        -2.67    14.92     1.76     0.010
  -31.84    10.59   -29.59       -31.91    10.72   -29.59     0.147
  -14.70    -1.28   -47.74       -14.71    -1.29   -47.69     0.047
   -1.56    21.50    38.77        -1.56    21.28    38.76     0.221
   -6.21    -5.96    18.60        -6.22    -5.98    18.61     0.022
   -3.32   -17.56   -40.37        -3.32   -17.56   -40.37     0.008
   15.83    27.09    46.27        15.84    27.10    46.27     0.010
   13.39   -15.27    -8.70        13.45   -15.23    -8.72     0.078
  -28.40   -26.33   -23.32       -28.40   -26.33   -23.32     0.008
   41.96     8.93    -2.16        41.89     8.89    -2.16     0.082
    0.40     0.36   -25.13         0.44     0.38   -25.13     0.041
   41.39     1.03   -10.62        41.39     0.99   -10.61     0.048
  -15.54     1.83   -47.00       -15.54     1.82   -46.99     0.017
   -5.97   -23.37   -21.36        -5.96   -23.42   -21.34     0.058
    2.66    -4.51    38.59         2.67    -4.50    38.60     0.015
    9.42    -9.94    17.78         9.39    -9.78    17.71     0.173
   29.88   -10.45    -2.55        29.82   -10.39    -2.57     0.086
   38.95     3.43   -14.88        38.93     3.44   -14.88     0.021
  -22.34    11.41   -12.06       -22.28    11.44   -11.99     0.098
   -1.17   -22.83   -30.53        -1.16   -22.89   -30.54     0.067
  -31.23   -24.83   -26.88       -31.23   -24.83   -26.88     0.001
  -11.24    16.43    42.49       -11.35    16.49    42.45     0.139
   31.03     2.39   -27.31        30.95     2.38   -27.28     0.089
  -14.16    13.73    47.28       -14.26    13.81    47.31     0.130
   -9.41   -24.52   -36.44        -9.42   -24.60   -36.49     0.099
  -36.23     6.54   -28.24       -36.32     6.58   -28.25     0.096
  -35.39   -10.45   -15.15       -35.40   -10.45   -15.13     0.029
    1.53    -3.04   -26.15         1.51    -3.05   -26.14     0.025
   29.91   -12.54   -15.67        29.81   -12.43   -15.64     0.148
  -12.91    10.68   -15.99       -12.91    10.67   -16.00     0.014
   18.38   -19.66   -17.93        18.41   -19.60   -17.92     0.071
   -2.51    -6.18   -41.54        -2.42    -6.14   -41.58     0.102
   37.41    -7.30     2.38        37.51    -7.38     2.41     0.128
   -5.66     0.23    45.93        -5.46     0.24    45.91     0.200
   29.96    19.66     8.10        29.96    19.67     8.12     0.017
   -2.92    21.45    41.20        -2.95    21.55    41.19     0.106
  -21.62     4.30   -46.24       -21.62     4.22   -46.17     0.115
   31.13    10.90   -22.62        31.14    10.93   -22.64     0.030
  -23.43   -16.03   -45.98       -23.44   -16.05   -46.02     0.046
    1.77   -21.58   -30.16         1.76   -21.56   -30.16     0.018
  -11.71    10.58   -35.71       -11.67    10.61   -35.72     0.053
    3.68    13.22    -6.85         3.67    13.19    -6.90     0.061
  -23.51   -17.62   -44.90       -23.51   -17.64   -44.93     0.037
  -19.27   -28.82   -23.02       -19.25   -28.72   -23.03     0.104
   30.88    20.02     7.51        30.86    19.98     7.50     0.052
    3.22    21.21    35.89         3.20    21.35    35.86     0.137
   24.47   -16.87   -13.01        24.48   -16.87   -13.02     0.008
    2.86    22.44    40.89         2.86    22.45    40.89     0.011
   37.36     3.83   -12.99        37.33     3.87   -13.03     0.059
   34.03     5.09   -16.20        34.02     5.09   -16.19     0.018
  -13.52     9.15   -42.53       -13.51     9.14   -42.52     0.016
  -17.23    10.79   -39.04       -17.25    10.80   -39.06     0.031
   -5.20     6.83   -16.37        -5.19     6.86   -16.37     0.039
    5.81   -11.11    11.01         5.82   -11.07    11.00     0.049
  -13.99     9.01   -42.15       -13.98     9.01   -42.15     0.009
  -37.22   -17.06   -19.28       -37.24   -17.07   -19.28     0.020
    1.63    -2.82   -25.90         1.62    -2.82   -25.89     0.015
  -35.37     4.01   -17.48       -35.39     4.01   -17.47     0.022
    3.69    21.13    31.61         3.68    21.14    31.61     0.017
  -24.61   -11.88   -47.65       -24.61   -11.88   -47.64     0.013
   30.03    20.09     1.27        29.99    20.03     1.27     0.072
    2.73   -10.32    16.51         2.73   -10.18    16.49     0.139
  -11.10   -27.12   -26.25       -11.11   -27.07   -26.25     0.054
   37.97    14.21     9.79        37.97    14.21     9.79     0.006
  -36.14   -19.06   -26.84       -36.19   -19.07   -26.85     0.050
  -14.13    10.37    11.98       -14.17    10.45    11.98     0.092
   -6.60    19.93    39.66        -6.56    19.89    39.68     0.059
   -4.48    12.84     0.83        -4.40    12.76     0.82     0.118
   28.24    -1.03    28.63        28.30    -1.06    28.67     0.075
   26.06    22.29    -5.16        26.05    22.25    -5.15     0.042
   40.69     6.39   -12.50        40.70     6.39   -12.52     0.020
   -4.34     2.96    54.99        -4.31     2.98    54.98     0.035
  -33.70   -22.96   -22.23       -33.71   -22.97   -22.23     0.017
   30.69    -4.77   -27.23        30.71    -4.78   -27.25     0.032
  -18.39    11.28    46.09       -18.37    11.26    46.07     0.037
   -1.99   -10.56   -42.73        -1.99   -10.56   -42.73     0.004
    8.68    -7.23   -23.41         8.68    -7.22   -23.42     0.021
   17.91   -17.75   -19.68        18.00   -17.71   -19.63     0.109
  -16.89   -27.43   -35.65       -16.89   -27.41   -35.64     0.020
   42.75     4.86    -4.78        42.78     4.86    -4.77     0.029
   30.50    17.43     8.54        30.50    17.42     8.53     0.008
   -2.88     5.27   -23.83        -2.83     5.30   -23.82     0.055
   15.85    -7.68    23.91        15.86    -7.64    23.91     0.036
  -21.33     4.56    19.45       -21.39     4.61    19.44     0.085
    8.40    -6.52    26.56         8.38    -6.45    26.53     0.074
   10.64    10.20   -28.52        10.60    10.17   -28.53     0.045
    0.84    -3.46   -27.19         0.90    -3.41   -27.25     0.098
   -3.58     1.51    52.48        -3.52     1.56    52.47     0.086
  -35.92     7.56   -25.61       -35.97     7.60   -25.61     0.063
   32.51    10.24    14.23        32.56    10.29    14.26     0.079
   41.37    -2.76     5.15        41.39    -2.77     5.15     0.019
   23.71    20.19   -20.42        23.68    20.09   -20.38     0.112
  -13.65    10.11    17.39       -13.59    10.23    17.44     0.137
   -1.33    -9.80    10.88        -1.34    -9.83    10.88     0.042
   24.90    -5.17    28.35        24.90    -5.16    28.35     0.010
   34.97    14.45    11.30        34.97    14.44    11.31     0.014
    8.16    20.88    12.14         8.17    20.85    12.14     0.029
   17.15    -3.05    60.28        17.09    -2.94    60.17     0.167
  -23.24    12.57    35.76       -23.13    12.50    35.73     0.134
    0.29    24.28    58.71         0.31    24.16    58.71     0.118
  -13.35     8.31    -0.57       -13.29     8.21    -0.55     0.117
   26.90   -15.39    -4.70        26.82   -15.30    -4.72     0.116
   39.12    -1.03   -20.71        39.14    -1.04   -20.70     0.022
   34.50    -8.05   -20.77        34.52    -8.06   -20.77     0.020
  -36.42   -17.80   -16.76       -36.44   -17.78   -16.80     0.046
   13.01    23.72     4.48        13.02    23.72     4.48     0.009
   26.23    22.22    -6.99        26.21    22.14    -6.99     0.082
   14.69    22.48     7.22        14.70    22.37     7.20     0.118
   34.41    -9.04   -12.45        34.41    -9.04   -12.45     0.000
    0.81    -3.96    41.90         0.83    -3.71    41.80     0.266
   30.63    19.76    -4.93        30.58    19.71    -4.94     0.066
  -21.23   -17.35    -6.78       -21.24   -17.37    -6.69     0.092
  -21.74   -29.17   -26.10       -21.72   -29.01   -26.09     0.164
   33.93    12.26   -12.04        33.94    12.26   -12.04     0.009
   19.93    -5.13   -19.96        19.91    -5.13   -19.99     0.041
  -10.51     9.57   -17.31       -10.40     9.71   -17.26     0.189
   -1.42    23.83    56.78        -1.38    23.68    56.79     0.149
   -8.67    11.08     6.03        -8.63    10.95     6.03     0.138
   16.69    20.45   -25.32        16.72    20.52   -25.37     0.086
   28.54   -11.21     0.57        28.52   -11.19     0.57     0.028
  -31.01     7.93   -38.45       -31.03     7.95   -38.46     0.025
   -0.87    22.92    49.52        -0.90    22.98    49.51     0.075
   15.28    24.02    35.47        15.28    24.02    35.47     0.009
   20.56    -3.78    44.07        20.63    -3.91    44.10     0.147
   24.07     5.67    48.58        24.07     5.67    48.58     0.007
    9.79     9.78    -7.53         9.80     9.80    -7.56     0.033
   20.98    20.50    17.22        20.95    20.46    17.22     0.048
   23.98    -1.84    39.14        24.12    -1.93    39.18     0.180
   -9.57    10.77    57.13        -9.38    10.97    57.09     0.281
   -6.35     2.65    43.52        -6.33     2.65    43.52     0.013
  -26.68   -23.47   -15.61       -26.68   -23.47   -15.59     0.028
   -1.54    -4.42   -37.43        -1.49    -4.38   -37.46     0.059
  -29.33   -25.53   -31.13       -29.38   -25.62   -31.14     0.107
   -8.71     9.82    -1.91        -8.65     9.77    -1.88     0.082
   -4.08   -20.89   -37.32        -4.10   -20.88   -37.29     0.030
   -0.59    12.65    61.59        -0.59    12.65    61.56     0.030
   39.17    12.96     6.39        39.19    12.94     6.40     0.031
   23.62    13.79    57.21        23.48    13.78    57.18     0.146
   23.86     9.15    53.80        23.94     9.13    53.81     0.078
   -5.00    -2.57    37.52        -5.15    -2.69    37.55     0.190
   29.13    13.03    17.07        29.24    13.15    17.10     0.162
  -15.38   -10.48   -48.63       -15.39   -10.47   -48.58     0.050
  -22.97   -28.52   -28.63       -22.99   -28.58   -28.64     0.069
  -26.51   -20.66   -42.57       -26.49   -20.71   -42.64     0.088
   32.22    11.55   -18.30        32.19    11.51   -18.30     0.045
    8.76    -6.27    27.13         8.76    -6.32    27.13     0.051
    2.68    -7.76   -35.32         2.70    -7.76   -35.32     0.018
   11.79    23.64    -7.19        11.78    23.77    -7.22     0.135
  -28.00   -26.62   -26.43       -27.95   -26.55   -26.42     0.091
   13.90    22.02     9.85        13.89    22.07     9.84     0.049
   -8.95    10.62    57.40        -8.93    10.64    57.40     0.034
   33.27     3.86    18.87        33.15     3.82    18.82     0.137
  -16.87     6.91    -9.68       -16.85     6.88    -9.69     0.037
    8.00     0.53    62.48         8.00     0.52    62.50     0.020
  -35.73   -18.15   -36.58       -35.70   -18.13   -36.57     0.032
  -24.45   -27.78   -30.46       -24.43   -27.72   -30.44     0.072
  -18.94     6.20     8.85       -19.06     6.27     8.84     0.138
  -19.85     2.31    24.38       -19.88     2.22    24.35     0.100
   27.22    21.54    -6.84        27.24    21.58    -6.85     0.038
   35.09    10.15   -14.95        35.11    10.16   -14.95     0.023
    3.89    21.68     1.80         3.80    21.83     1.80     0.181
    9.76   -12.60   -24.05         9.83   -12.59   -24.14     0.116
   35.85    -6.31   -20.09        35.86    -6.31   -20.09     0.016
  -18.60     7.70    16.29       -18.64     7.74    16.29     0.056
   -0.17   -11.69    -0.48        -0.17   -11.68    -0.49     0.013
   -7.56     8.14   -19.49        -7.56     8.15   -19.49     0.011
   19.08    13.27   -33.52        19.07    13.24   -33.50     0.033
  -18.57     9.00   -12.74       -18.55     8.99   -12.62     0.118
  -10.62     6.12    45.18       -10.62     6.13    45.18     0.002
    7.67    -7.18    24.28         7.66    -7.16    24.27     0.020
   23.31    -2.60   -24.98        23.33    -2.57   -24.95     0.043
  -26.33     0.69   -46.73       -26.29     0.66   -46.65     0.096
  -22.49   -27.90   -32.64       -22.47   -27.88   -32.63     0.028
   36.63    14.82    10.84        36.64    14.80    10.86     0.032
    7.05    -4.66   -23.97         7.05    -4.67   -23.98     0.009
    0.14   -10.23   -39.92         0.26   -10.25   -39.98     0.135
   28.65    13.94    17.28        28.52    13.80    17.25     0.190
  -14.45     9.65    19.49       -14.33     9.58    19.55     0.147
   -5.77   -23.86   -23.08        -5.79   -23.79   -23.09     0.076
  -17.31    -8.22    -2.09       -17.28    -8.19    -2.12     0.050
  -25.55    -9.41   -48.03       -25.56    -9.41   -48.04     0.009
   14.86    -4.57    56.90        14.82    -4.48    56.89     0.102
   -0.11    15.29    -6.12        -0.05    15.28    -6.10     0.066
  -26.69    -2.64    -9.23       -26.69    -2.64    -9.22     0.011
   -8.77     2.23    37.38        -8.74     2.30    37.35     0.083
   -0.91   -19.43   -38.53        -0.91   -19.43   -38.53     0.003
    1.68    23.91    52.44         1.67    23.94    52.43     0.035
   -9.17   -23.22   -15.41        -9.15   -23.27   -15.40     0.048
  -22.15     4.05    21.68       -22.14     4.04    21.69     0.020
   21.62    -1.83    49.11        21.57    -1.79    49.10     0.067
  -29.06   -18.99   -43.98       -29.02   -18.95   -43.91     0.089
    5.20    -4.08    60.82         5.20    -4.06    60.81     0.028
  -36.99     5.18   -22.37       -36.87     5.15   -22.43     0.130
  -34.77   -18.44   -16.09       -34.76   -18.44   -16.10     0.016
  -11.31   -23.75   -13.07       -11.34   -23.74   -13.16     0.096
    8.79    -0.02    62.33         8.79    -0.04    62.37     0.045
   28.82   -12.00   -19.41        28.92   -12.14   -19.42     0.171
   12.03    -3.99    60.93        12.01    -3.91    60.89     0.098
  -17.36     0.75    18.95       -17.32     0.85    18.95     0.110
   18.13    24.48    59.32        18.33    24.64    59.36     0.252
   25.97    -8.70    12.28        25.93    -8.66    12.26     0.057
   -7.41    19.36    52.00        -7.37    19.32    52.01     0.062
  -11.28    16.24    48.76       -11.32    16.28    48.76     0.051
   -9.91   -24.72   -35.81        -9.93   -24.87   -35.89     0.170
  -17.39     0.84    14.88       -17.51     0.71    14.91     0.176
    2.37    17.02   -10.84         2.31    17.03   -10.87     0.069
   33.72    12.71   -11.78        33.79    12.75   -11.81     0.091
    9.36   -10.11   -23.95         9.36   -10.11   -23.95     0.010
   -6.40   -10.37   -46.18        -6.37   -10.39   -46.25     0.077
    8.81    11.68   -21.91         8.86    11.70   -21.92     0.053
  -13.23    10.68     8.53       -13.22    10.63     8.54     0.052
  -21.86   -29.00   -28.55       -21.86   -29.00   -28.55     0.000
   -4.40   -19.95   -10.85        -4.40   -19.92   -10.86     0.027
   13.39    -5.73    42.50        13.42    -5.59    42.48     0.142
  -23.64    12.37    33.70       -23.57    12.32    33.72     0.090
   -5.35    -8.02     9.58        -5.29    -7.91     9.55     0.127
  -11.83   -22.57   -13.05       -11.83   -22.56   -13.00     0.059
   31.97     8.90    17.80        31.95     8.89    17.79     0.023
  -10.09    10.79    11.54       -10.03    10.67    11.55     0.132
  -20.13    -9.17   -50.19       -20.12    -9.13   -50.14     0.065
  -21.38    13.28    33.24       -21.41    13.36    33.23     0.080
   16.55   -16.17   -19.23        16.55   -16.15   -19.21     0.024
    7.83    14.05   -22.02         7.86    14.07   -22.03     0.031
  -29.91   -25.31   -31.31       -29.93   -25.36   -31.31     0.048
  -19.79     1.70     0.90       -19.71     1.65     0.87     0.096
   -8.91    10.97    10.03        -8.94    11.03    10.02     0.072
   10.34   -16.08   -20.40        10.32   -16.01   -20.36     0.079
   36.79    12.14    -7.65        36.74    12.08    -7.61     0.082
   -5.13     6.95   -15.89        -5.15     6.90   -15.88     0.058
   15.94    23.28    15.56        15.91    23.40    15.55     0.129
   -0.34     0.32   -26.00        -0.31     0.33   -26.02     0.036
   32.00   -10.55   -18.37        32.00   -10.55   -18.37     0.000
    1.21    18.99    -0.11         1.12    19.08    -0.13     0.122
   29.46    20.24     1.05        29.48    20.28     1.05     0.056
  -14.72   -26.91   -19.17       -14.73   -26.89   -19.18     0.030
  -26.53     9.10   -11.31       -26.53     9.09   -11.28     0.041
  -25.32   -14.20   -46.75       -25.31   -14.16   -46.68     0.082
  -18.94     5.86   -10.14       -18.95     5.89   -10.13     0.033
    6.16   -17.13   -27.13         6.11   -17.14   -27.07     0.084
    5.60    -4.47    49.00         5.57    -4.55    48.99     0.087
    9.32     0.17   -17.99         9.32     0.18   -18.00     0.016
    0.81   -12.65   -38.58         0.82   -12.64   -38.61     0.034
  -31.30     4.62   -10.85       -31.38     4.61   -10.81     0.088
  -19.50     3.07     3.34       -19.63     3.07     3.34     0.131
  -14.98    11.71    49.45       -14.85    11.63    49.43     0.151
  -25.07    10.31   -11.17       -25.07    10.36   -11.14     0.063
   24.78    14.79    43.59        25.04    14.85    43.61     0.273
    0.53   -10.67     9.99         0.56   -10.55     9.99     0.125
    0.45    -0.11   -25.57         0.42    -0.14   -25.59     0.045
   -0.50    -4.71   -36.20        -0.51    -4.72   -36.19     0.014
  -38.02     1.90   -28.50       -38.01     1.89   -28.50     0.018
   -2.56   -10.92     1.25        -2.56   -10.85     1.22     0.074
   -5.25   -20.77   -12.79        -5.24   -20.87   -12.73     0.113
  -10.55     8.58    49.82       -10.57     8.56    49.84     0.034
   13.54   -14.53   -20.75        13.55   -14.53   -20.75     0.003
  -22.00     4.30   -46.20       -22.00     4.24   -46.15     0.082
   15.47    -3.48    60.70        15.43    -3.40    60.62     0.119
  -35.86     7.59   -29.71       -35.77     7.56   -29.70     0.095
   24.61     3.04    43.78        24.60     3.04    43.78     0.011
   -2.83   -11.76   -43.39        -2.85   -11.75   -43.37     0.030
   16.24   -18.64   -16.69        16.26   -18.61   -16.68     0.034
   34.94    15.98    -5.12        34.86    15.87    -5.12     0.134
   34.03     2.99    18.25        33.94     2.95    18.19     0.117
  -31.90     7.34   -38.57       -31.81     7.23   -38.53     0.143
  -12.52     5.55    42.77       -12.53     5.47    42.80     0.093
  -28.61    11.28   -33.30       -28.69    11.38   -33.32     0.121
  -16.68   -29.15   -30.08       -16.65   -29.25   -30.12     0.112
    4.01    10.87    -7.31         4.00    10.86    -7.30     0.017
   24.45    13.72    52.15        24.46    13.72    52.15     0.009
   -5.06   -21.00   -12.79        -5.06   -21.00   -12.78     0.009
   -6.47   -21.43   -39.08        -6.52   -21.37   -39.04     0.086
   14.79     1.88    61.66        14.81     1.88    61.72     0.071
  -28.00   -24.52   -37.60       -28.00   -24.52   -37.60     0.002
   31.61   -11.00   -19.64        31.62   -10.98   -19.65     0.023
   -3.07    17.27    21.72        -3.00    17.10    21.75     0.182
   26.12    -6.88   -24.26        26.17    -6.84   -24.18     0.101
  -18.59    12.08   -14.66       -18.59    12.07   -14.66     0.007
   31.48   -11.00   -14.13        31.52   -11.04   -14.14     0.054
  -29.60   -17.44   -44.28       -29.61   -17.46   -44.32     0.043
   -5.83     2.00   -41.92        -5.83     1.98   -41.98     0.064
   36.17    -7.60   -14.05        36.16    -7.59   -14.05     0.022
    2.86    -2.25   -25.07         2.87    -2.24   -25.09     0.016
   35.00    -6.50   -21.75        35.04    -6.52   -21.77     0.044
   24.53     6.27    46.36        24.59     6.25    46.37     0.060
   -2.11     0.36    53.00        -2.22     0.24    53.02     0.160
   11.36    -6.59    27.91        11.39    -6.50    27.90     0.093
   35.63    12.87    -8.73        35.59    12.87    -8.71     0.047
  -27.64    12.59   -19.48       -27.64    12.55   -19.49     0.046
  -14.21    13.20    35.97       -14.24    13.41    35.93     0.216
  -22.84   -26.99   -19.20       -22.85   -27.03   -19.18     0.053
   -0.51    16.46    60.93        -0.51    16.46    60.95     0.014
  -16.31   -23.30   -12.27       -16.33   -23.29   -12.30     0.042
    5.42   -11.33     6.86         5.42   -11.33     6.86     0.001
  -27.08   -20.47   -42.99       -27.08   -20.45   -42.96     0.032
   11.86   -12.88     4.56        11.88   -12.78     4.55     0.093
   -9.02   -23.68   -18.36        -8.97   -23.77   -18.35     0.097
   20.82   -12.88     8.48        20.82   -12.88     8.47     0.008
  -21.22   -28.92   -25.35       -21.21   -28.85   -25.36     0.071
   -3.35    -2.84   -39.97        -3.40    -2.86   -39.95     0.051
  -16.13     8.98    48.74       -16.18     9.02    48.69     0.086
    5.92    24.12    59.83         5.91    24.10    59.82     0.027
  -38.41   -14.96   -17.89       -38.39   -14.95   -17.89     0.025
   23.04     9.75   -32.60        23.05     9.76   -32.62     0.021
   40.62     8.15   -10.44        40.67     8.09   -10.38     0.098
  -35.62    -7.40   -41.01       -35.51    -7.40   -40.94     0.130
  -19.12   -28.98   -24.81       -19.12   -28.99   -24.81     0.018
  -19.99    -8.74   -50.33       -20.00    -8.79   -50.40     0.089
   13.58     3.81   -18.60        13.60     3.80   -18.57     0.037
   -2.65    17.26    61.01        -2.65    17.26    61.00     0.011
  -34.73   -20.47   -17.52       -34.76   -20.48   -17.51     0.034
    6.00    23.81    45.45         6.00    23.77    45.46     0.047
    7.45   -17.87   -13.89         7.45   -17.79   -13.90     0.079
  -22.76    -1.68    -7.58       -22.77    -1.67    -7.57     0.015
    6.79    -5.00    42.72         6.79    -5.04    42.72     0.044
  -31.62    -5.03   -46.30       -31.60    -5.04   -46.29     0.025
   -2.47    -8.76    14.55        -2.50    -8.81    14.55     0.064
  -37.37   -16.59   -17.26       -37.39   -16.60   -17.25     0.032
   37.41    14.89     4.86        37.38    14.85     4.87     0.049
   28.99    -9.84     3.10        28.96    -9.82     3.09     0.044
    5.32    21.07    -8.85         5.28    21.11    -8.87     0.057
   -7.49   -25.26   -22.80        -7.51   -25.21   -22.82     0.063
   20.71     2.35   -28.39        20.63     2.30   -28.42     0.095
    2.80    14.04    61.07         2.80    14.04    61.10     0.031
    6.29   -10.71    13.14         6.27   -10.75    13.15     0.045
   18.86    -2.07   -20.08        18.85    -2.08   -20.10     0.029
  -10.35    13.40    59.17       -10.29    13.42    59.15     0.063
   12.03    23.19    29.81        12.05    23.28    29.82     0.091
   12.94     8.16   -14.01        12.91     8.16   -14.01     0.024
    1.22    20.09    28.90         1.23    20.06    28.90     0.033
   -4.19    -1.83    46.22        -4.19    -1.84    46.23     0.017
   -3.56     5.80   -21.36        -3.71     5.72   -21.42     0.182
   20.30    23.40    -7.85        20.33    23.51    -7.87     0.112
   41.98     2.45    -0.99        42.07     2.43    -0.99     0.097
  -19.53   -26.84   -37.04       -19.53   -26.92   -37.08     0.097
  -10.68    14.49    59.93       -10.47    14.55    59.90     0.224
   16.91    -4.28   -19.49        16.91    -4.28   -19.53     0.037
  -13.05    14.60    49.57       -13.02    14.58    49.56     0.045
    6.83   -10.59   -26.82         6.75   -10.60   -26.75     0.105
    3.62    -1.86    62.00         3.62    -1.86    62.05     0.053
   13.40    -4.18    60.10        13.40    -4.21    60.12     0.036
   22.02    20.36    50.45        21.94    20.28    50.46     0.108
   36.17    -6.98    -9.31        36.11    -6.96    -9.31     0.065
   21.82    20.74    12.95        21.87    20.81    12.97     0.085
   19.79   -13.79   -20.03        19.79   -13.77   -20.00     0.043
    5.41    23.92    60.10         5.43    24.04    60.14     0.129
   -4.99    -6.83    17.40        -5.03    -6.90    17.41     0.083
   21.49   -15.48     4.15        21.51   -15.49     4.16     0.025
    3.88    21.65    37.76         3.86    21.77    37.74     0.130
    8.40    -5.11    40.29         8.40    -5.17    40.29     0.058
  -18.05     7.99    10.47       -18.02     7.96    10.47     0.047
  -27.76   -15.05    -8.42       -27.76   -15.00    -8.30     0.136
   23.04    19.36    15.01        23.03    19.35    15.01     0.012
  -21.00    -0.78   -48.84       -21.01    -0.79   -48.87     0.032
    1.23    23.84    53.76         1.20    23.95    53.75     0.110
   13.79    24.43    60.11        13.79    24.45    60.04     0.072
  -10.88    12.28    53.43       -10.82    12.28    53.41     0.064
  -13.43   -11.42   -48.16       -13.43   -11.43   -48.19     0.034
   28.03   -12.73   -19.82        28.04   -12.74   -19.82     0.007
   20.70   -17.07   -20.54        20.70   -17.07   -20.54     0.006
    6.14    -5.60    30.67         6.13    -5.79    30.68     0.186
   23.73     3.56    48.45        23.62     3.59    48.42     0.122
   36.02    13.66    -6.70        36.08    13.68    -6.72     0.074
   -1.42     0.03    57.27        -1.40     0.04    57.27     0.032
  -36.96   -11.94   -15.90       -37.02   -11.95   -15.90     0.059
  -30.99     5.28   -40.64       -30.97     5.26   -40.62     0.038
  -10.40   -22.48   -13.78       -10.42   -22.47   -13.81     0.042
   38.02    14.16     9.68        38.04    14.15     9.69     0.023
   24.38   -15.53    -0.20        24.45   -15.62    -0.15     0.127
  -34.48   -19.84   -16.53       -34.51   -19.86   -16.50     0.044
    8.19    -4.86    48.58         8.20    -5.05    48.59     0.184
  -26.70   -23.80   -40.22       -26.70   -23.77   -40.19     0.049
   30.62     8.05    23.04        30.51     8.02    23.01     0.121
   10.39    23.10    28.78        10.41    23.00    28.78     0.108
    7.21   -10.54    15.33         7.16   -10.63    15.35     0.101
  -19.95    14.41   -29.65       -19.93    14.50   -29.65     0.086
   -4.86     1.51   -41.72        -4.86     1.49   -41.77     0.049
   -0.98   -17.92    -9.36        -0.99   -17.91    -9.38     0.018
   33.03    -4.46    11.31        33.02    -4.44    11.31     0.018
    0.49    -3.76   -32.67         0.47    -3.79   -32.67     0.031
   37.53    -3.81   -18.15        37.43    -4.00   -18.26     0.244
   33.45    -7.37     2.67        33.47    -7.28     2.62     0.100
   41.92     2.32   -13.88        41.85     2.27   -13.86     0.094
