400 PA5-F-Debug-Answer.txt 6
   72.0267   53.6757   82.0562 -134.9153   10.6637  -79.2615
   19.96    17.31   -29.98        19.94    17.27   -30.01     0.051
   11.67   -15.88    -1.28        11.68   -15.90    -1.27     0.022
   -5.84     1.14    38.96        -5.77     1.14    38.96     0.067
  -46.55   -17.37   -27.43       -46.41   -17.32   -27.45     0.148
  -11.94     0.26    -0.87       -11.90     0.23    -0.89     0.050
   11.90    -2.21   -23.59        11.92    -2.20   -23.53     0.067
   -5.31     5.09     6.85        -5.41     5.17     6.83     0.129
  -32.88   -11.83    -5.10       -32.87   -11.83    -5.08     0.030
   20.71     9.35   -23.91        20.72     9.34   -23.91     0.011
   33.06     7.05   -31.24        32.96     7.04   -31.20     0.112
  -28.01   -24.24   -47.73       -27.99   -24.14   -47.65     0.131
   -8.45   -14.73   -42.80        -8.39   -14.72   -42.87     0.089
   35.98    15.23   -15.33        35.95    15.23   -15.33     0.028
  -15.42    -3.35    -2.55       -15.53    -3.30    -2.51     0.123
  -10.99   -21.98    -6.58       -10.99   -21.99    -6.58     0.009
   23.13     0.08    19.64        23.12     0.09    19.64     0.014
  -24.78     5.85   -16.38       -24.76     5.93   -16.33     0.097
   -6.28     5.67    24.73        -6.19     5.69    24.72     0.084
   -0.06     7.57    -9.76        -0.05     7.54    -9.76     0.029
   32.75     1.08     6.63        32.85     1.07     6.65     0.105
   10.83   -16.49    -3.44        10.86   -16.42    -3.43     0.076
   -7.15   -25.69   -35.03        -7.15   -25.69   -35.03     0.004
  -20.24   -33.98   -23.90       -20.27   -33.85   -23.91     0.134
   11.27    -3.88    66.24        11.14    -3.71    66.25     0.218
  -41.75     2.68   -32.93       -41.78     2.72   -32.92     0.050
   34.24    14.80   -22.39        34.29    14.81   -22.40     0.055
  -12.69   -18.71   -46.76       -12.67   -18.72   -46.76     0.021
   22.27     5.60    28.46        22.24     5.60    28.46     0.022
  -44.94    -1.15   -34.81       -44.90    -1.18   -34.81     0.045
  -30.73   -33.25   -21.78       -30.79   -33.36   -21.74     0.133
    4.81    16.82     5.18         4.70    16.87     5.09     0.154
   26.39    24.14   -20.25        26.42    24.17   -20.26     0.043
    7.64     0.97   -22.21         7.65     0.92   -22.15     0.074
    2.87    16.64     7.10         2.83    16.68     7.06     0.063
    0.76    22.93    18.45         0.76    22.92    18.45     0.014
  -41.14   -11.10    -9.92       -41.11   -11.09    -9.95     0.045
  -12.74   -31.83   -26.83       -12.75   -31.81   -26.83     0.019
  -20.88   -21.46    -6.97       -20.88   -21.47    -6.93     0.043
   18.30    22.00   -19.75        18.28    22.01   -19.75     0.026
   -1.38    23.11    27.56        -1.31    23.24    27.58     0.148
    5.67   -16.54   -20.52         5.63   -16.48   -20.51     0.071
    7.70    20.88    25.37         7.70    20.89    25.37     0.013
   16.01    12.00    57.37        15.94    11.96    57.36     0.080
  -32.67    -9.50   -50.37       -32.71    -9.48   -50.47     0.107
   22.76   -12.60   -12.96        22.77   -12.62   -12.96     0.019
    1.83    -5.90    28.84         1.90    -5.76    28.83     0.152
    0.18    -4.08    58.11         0.15    -4.16    58.10     0.085
  -20.59    -5.36   -49.86       -20.57    -5.35   -49.88     0.031
   17.75    19.55   -21.95        17.61    19.52   -21.93     0.147
   12.88    19.59    -4.55        12.91    19.58    -4.54     0.027
  -26.79     8.34   -38.46       -26.79     8.39   -38.52     0.078
   16.07    21.06    -9.77        16.20    21.13    -9.69     0.165
  -14.46   -30.47   -16.37       -14.49   -30.40   -16.39     0.083
    5.89    20.78     9.86         5.89    20.85     9.84     0.077
   -9.13    22.16    21.19        -9.15    22.18    21.19     0.018
   21.44     2.33    29.16        21.41     2.34    29.15     0.031
   -0.13    22.33    28.44        -0.10    22.40    28.45     0.076
   18.07    22.32   -14.53        17.95    22.29   -14.55     0.128
    3.86    -4.37    69.84         3.87    -4.38    69.88     0.041
    4.27     9.50    -3.83         4.19     9.65    -3.89     0.178
  -43.06    -8.56   -44.02       -43.07    -8.56   -44.04     0.018
  -23.27   -20.85   -50.20       -23.27   -20.85   -50.24     0.043
   10.38    -9.50    14.73        10.34    -9.41    14.68     0.112
  -11.55    -3.29     2.89       -11.64    -3.28     2.93     0.097
    5.08   -14.54    -3.14         5.08   -14.52    -3.14     0.025
  -31.06   -26.31   -44.12       -31.05   -26.30   -44.10     0.024
  -45.93   -12.17   -38.56       -45.90   -12.18   -38.56     0.028
   -6.01     2.70    40.76        -5.88     2.69    40.76     0.123
   -8.21     7.99   -22.64        -8.25     7.96   -22.63     0.045
    0.14    13.68     8.81         0.10    13.72     8.75     0.085
  -27.05    10.51   -34.48       -27.04    10.50   -34.47     0.015
   35.24     6.11   -28.93        35.27     6.09   -28.98     0.057
   38.00     6.29   -11.93        37.93     6.26   -11.93     0.079
    8.88     0.00    69.36         8.88     0.00    69.34     0.021
  -39.32   -26.13   -20.09       -39.37   -26.18   -20.06     0.072
   26.02    12.88    18.88        26.06    12.87    18.90     0.048
   34.25    15.07    -4.84        34.26    15.08    -4.84     0.017
   17.60     1.59    56.87        17.66     1.54    56.88     0.080
   -9.39     1.05   -38.35        -9.38     1.05   -38.36     0.015
   11.61    -3.18    65.53        11.70    -3.31    65.53     0.150
   13.51    22.72    22.80        13.53    22.65    22.78     0.074
   -6.82     6.70   -22.35        -6.94     6.59   -22.33     0.161
   31.35    18.51    -5.61        31.40    18.53    -5.58     0.057
   19.65     9.21    41.60        19.74     9.21    41.62     0.093
   -4.47    -1.14    38.92        -4.49    -1.16    38.92     0.034
   14.57    14.11    58.15        14.72    14.16    58.18     0.170
  -21.77   -27.77   -12.42       -21.76   -27.78   -12.41     0.018
   -0.32   -20.27   -34.09        -0.25   -20.28   -34.09     0.071
   22.58   -12.72   -11.43        22.57   -12.71   -11.43     0.014
   13.10    -3.15    27.13        13.16    -3.29    27.15     0.150
   38.14     4.25    -8.30        38.06     4.26    -8.30     0.078
  -21.83    -6.18    -7.03       -21.87    -6.15    -6.96     0.088
  -35.81     1.74   -11.91       -35.81     1.73   -11.93     0.021
   25.87    -5.34   -24.56        25.88    -5.43   -24.60     0.096
    0.51    -3.35    41.09         0.45    -3.50    41.09     0.155
  -39.85   -26.02   -36.63       -39.88   -26.05   -36.64     0.039
   30.21    21.88   -18.85        30.22    21.90   -18.86     0.020
   -5.78     2.59    41.62        -5.84     2.59    41.63     0.067
   20.43    22.79   -27.04        20.42    22.82   -27.07     0.051
  -27.98     2.04   -46.07       -27.98     2.03   -46.07     0.007
  -34.21     8.32   -27.29       -34.14     8.22   -27.29     0.125
    2.40    -1.24   -25.04         2.42    -1.23   -25.08     0.054
   -8.63     0.71     5.05        -8.75     0.78     5.06     0.140
   23.77    25.56   -14.60        23.78    25.57   -14.60     0.012
    6.01    -5.00    53.73         5.99    -4.64    53.74     0.359
   -5.18    -3.66   -32.16        -5.22    -3.69   -32.15     0.050
    1.07    -5.83    26.84         1.10    -5.76    26.82     0.077
    0.50    -3.87   -28.17         0.46    -3.87   -28.13     0.048
   22.01    18.75    25.70        21.94    18.73    25.69     0.076
   36.52     3.36    -1.78        36.50     3.37    -1.81     0.031
   19.06    15.39   -16.60        19.05    15.39   -16.61     0.017
   19.02    19.91    40.73        19.03    19.91    40.73     0.005
   -1.18    -2.64   -28.52        -1.20    -2.66   -28.49     0.043
   19.60    15.39    38.03        19.56    15.38    38.01     0.047
   -0.37    -6.14    19.91        -0.39    -6.20    19.91     0.062
   21.82    16.20    27.57        21.85    16.20    27.58     0.037
  -11.21    20.09    21.27       -11.21    20.09    21.27     0.005
   26.30    -7.41   -19.52        26.30    -7.43   -19.52     0.020
   11.75   -15.15    -9.53        11.76   -15.04    -9.45     0.142
    9.20    -2.27   -22.52         9.21    -2.27   -22.49     0.026
   -3.52    12.19    32.88        -3.56    12.18    32.92     0.062
   10.94    20.28    34.43        11.07    20.07    34.39     0.254
  -42.29    -1.86   -41.29       -42.34    -1.81   -41.33     0.075
  -27.63   -20.68    -6.59       -27.63   -20.65    -6.54     0.060
  -37.28   -28.99   -34.76       -37.33   -29.06   -34.76     0.093
  -31.56     6.78   -16.30       -31.56     6.80   -16.29     0.028
    1.98    16.81     8.17         1.91    16.87     8.10     0.112
   -8.47   -23.76    -8.65        -8.48   -23.78    -8.64     0.020
  -45.79   -12.20   -34.05       -45.69   -12.24   -34.08     0.109
   22.86     8.92   -27.20        22.84     8.93   -27.22     0.029
  -42.65   -10.39   -12.27       -42.60   -10.38   -12.30     0.055
   -9.16    -2.28     7.21        -9.16    -2.28     7.21     0.009
   -5.55     4.96    34.27        -5.72     4.97    34.27     0.171
   19.08    11.45    43.25        19.00    11.44    43.24     0.083
   -0.78    -7.79   -29.94        -0.75    -7.78   -29.99     0.055
  -37.30   -28.02   -37.35       -37.29   -28.01   -37.35     0.012
   -0.88    -4.08    61.55        -0.89    -4.10    61.55     0.017
  -28.13     0.30   -47.51       -28.10     0.27   -47.46     0.057
  -40.45   -26.65   -28.74       -40.47   -26.67   -28.74     0.037
    7.98    -0.24   -22.57         7.98    -0.24   -22.59     0.026
  -29.19    -7.13   -50.77       -29.19    -7.14   -50.74     0.033
   23.32    25.88    -6.82        23.30    25.84    -6.81     0.049
   27.98    15.96   -27.48        27.98    15.91   -27.42     0.085
  -34.99     3.35   -41.77       -35.03     3.41   -41.83     0.095
  -21.41    -2.52    -8.70       -21.40    -2.53    -8.72     0.017
   -5.68    -2.60    15.53        -5.63    -2.60    15.51     0.055
  -39.26   -24.06   -40.04       -39.29   -24.10   -40.07     0.055
  -38.53   -22.53   -13.69       -38.47   -22.50   -13.73     0.084
   -4.38    -3.31    17.97        -4.44    -3.34    17.99     0.071
  -19.26   -33.44   -33.27       -19.29   -33.38   -33.27     0.067
  -11.85    16.54    25.22       -11.97    16.57    25.25     0.126
   21.33    25.38   -15.87        21.29    25.44   -15.88     0.072
   15.43    -2.03    34.71        15.40    -1.91    34.70     0.120
   27.82    -0.33   -28.87        27.81    -0.36   -28.93     0.063
   29.94    21.51     0.29        29.80    21.41     0.27     0.173
   35.25     1.85    -0.00        35.20     1.87    -0.01     0.050
    9.86    18.92    38.77         9.75    19.05    38.76     0.178
   27.90    22.03   -21.23        27.89    22.03   -21.23     0.010
   12.55     8.63    70.66        12.54     8.63    70.68     0.016
   27.43    -3.40     6.47        27.46    -3.48     6.48     0.081
   12.24    -3.32    30.30        12.19    -3.18    30.27     0.146
   10.58    19.62    48.70        10.53    19.69    48.69     0.085
  -11.67    15.81    18.32       -11.72    15.80    18.31     0.052
   -2.95   -13.99   -35.30        -2.88   -13.95   -35.33     0.078
    3.36    12.68     4.64         3.42    12.59     4.70     0.121
  -11.54    -2.38     2.87       -11.59    -2.37     2.90     0.057
    1.58    -5.90    25.88         1.53    -6.06    25.90     0.172
   21.98    -0.27   -25.07        21.97    -0.27   -25.09     0.021
   12.45     6.73    70.10        12.44     6.70    70.18     0.084
   17.64    14.13    47.40        17.46    14.09    47.33     0.203
   10.42    21.22    26.06        10.41    21.25    26.06     0.032
   -3.93   -11.61   -35.96        -3.89   -11.60   -35.98     0.047
    8.18    17.85    51.63         8.27    17.79    51.63     0.101
    0.85    -3.92    54.75         0.84    -3.95    54.75     0.031
   -8.11     2.20     3.12        -8.17     2.23     3.13     0.070
    0.31     7.47    -2.80         0.23     7.58    -2.81     0.144
   13.26    -2.81    54.46        13.15    -2.70    54.47     0.160
    5.59     2.25    69.55         5.59     2.25    69.54     0.004
   10.16   -13.33     5.13        10.13   -13.27     5.10     0.069
   27.78    -0.49    12.29        27.79    -0.51    12.35     0.066
   26.21    -3.40     8.73        26.23    -3.44     8.73     0.034
    6.91     5.55    69.31         6.92     5.54    69.32     0.019
  -21.54   -11.40    -5.17       -21.54   -11.40    -5.18     0.001
   22.03   -13.82    -4.54        22.02   -13.80    -4.55     0.035
    0.51    16.59     9.36         0.51    16.60     9.37     0.007
  -32.75     3.58   -42.60       -32.75     3.58   -42.60     0.002
   -0.29    14.52    37.15        -0.19    14.38    37.08     0.183
   36.56     2.93    -1.98        36.55     2.93    -1.99     0.011
    6.78   -15.15    -2.20         6.77   -15.16    -2.19     0.008
   21.62   -10.98    -2.51        21.53   -10.92    -2.58     0.129
    8.73    -4.83    69.28         8.61    -4.71    69.21     0.189
   -1.85    18.19     9.71        -1.83    18.21     9.76     0.057
    3.88    -8.49    19.40         3.91    -8.42    19.40     0.079
  -31.09   -22.15   -48.71       -31.07   -22.12   -48.67     0.054
  -28.38   -25.86   -45.94       -28.39   -25.87   -45.95     0.019
  -19.87   -30.29   -40.48       -19.84   -30.35   -40.53     0.089
   19.27    20.97    36.19        19.36    20.98    36.19     0.085
   -7.68   -21.03   -40.93        -7.78   -20.97   -40.86     0.133
   14.76    25.21    10.35        14.78    25.17    10.34     0.045
   18.77   -15.46    -3.70        18.75   -15.38    -3.73     0.091
   -2.33    -2.31    38.15        -2.34    -2.34    38.15     0.031
   23.69    26.08    -3.44        23.61    25.95    -3.43     0.152
   32.51    18.12    -7.49        32.47    18.11    -7.50     0.039
   18.36    -1.75    24.56        18.35    -1.73    24.55     0.024
  -13.86     7.68   -39.26       -13.86     7.68   -39.26     0.006
   -1.25    -5.32    22.08        -1.22    -5.27    22.07     0.057
   26.35    -9.74   -13.98        26.35    -9.74   -13.98     0.008
  -14.10    -8.37   -48.91       -14.09    -8.37   -48.94     0.036
   -3.42   -11.10   -34.59        -3.45   -11.10   -34.58     0.034
   11.66    21.91    23.62        11.65    21.93    23.63     0.022
  -16.38   -27.28   -13.86       -16.39   -27.28   -13.87     0.008
    2.18    10.54     2.74         2.16    10.57     2.72     0.044
   17.46    12.09   -13.83        17.49    12.05   -13.80     0.052
   11.82    -9.33    10.85        11.94    -9.55    10.90     0.256
  -13.96   -10.86   -48.77       -13.98   -10.86   -48.75     0.029
   37.30     6.15   -16.58        37.24     6.18   -16.55     0.071
   25.87    -5.32     2.92        25.80    -5.23     2.89     0.124
   -0.14    -6.12    19.69        -0.17    -6.24    19.68     0.130
   -5.37    20.29    13.25        -5.40    20.35    13.20     0.082
   14.60    23.07    22.20        14.61    22.81    22.17     0.259
   22.84    11.71   -26.67        22.83    11.70   -26.68     0.018
   -5.21    -0.12    57.79        -5.31    -0.22    57.78     0.135
   17.70     6.66    61.51        17.70     6.66    61.51     0.000
   11.95    15.00    66.20        11.86    14.88    66.18     0.153
    3.44    -0.93    70.08         3.44    -0.93    70.11     0.027
   37.76     6.52    -7.98        37.93     6.52    -8.00     0.171
   19.04   -13.72   -13.29        19.04   -13.69   -13.26     0.046
   36.49     4.55     0.63        36.48     4.55     0.63     0.003
   -0.82    10.50    60.27        -0.87    10.57    60.27     0.087
  -18.36    10.22   -20.98       -18.36    10.22   -20.98     0.006
   11.77   -12.80   -15.22        11.77   -12.82   -15.22     0.016
   31.53    -5.22   -22.15        31.49    -5.16   -22.14     0.065
  -46.27   -16.17   -24.55       -46.32   -16.19   -24.54     0.057
   26.51    -5.56     0.28        26.61    -5.69     0.34     0.179
   36.95     5.19   -18.84        36.85     5.17   -18.82     0.105
   -1.11    -2.24    50.38        -1.21    -2.44    50.37     0.223
    5.63    -8.65    19.01         5.63    -8.60    19.00     0.059
   17.65    21.27   -25.70        17.70    21.24   -25.70     0.054
  -40.63    -1.18   -42.57       -40.59    -1.22   -42.52     0.066
  -21.83    -2.95    -8.75       -21.85    -2.92    -8.71     0.057
    0.40     9.82     3.47         0.43     9.78     3.49     0.055
  -22.53   -34.24   -24.78       -22.53   -34.26   -24.78     0.020
   15.53    10.10    65.78        15.51    10.09    65.77     0.024
   -0.19    -6.53    18.65        -0.22    -6.48    18.63     0.059
   13.10    -3.84    24.41        13.09    -3.82    24.41     0.032
    9.07     9.80    -8.38         9.06     9.82    -8.39     0.022
   10.47    21.95     4.92        10.36    22.07     4.89     0.173
   26.76    -2.66   -27.66        26.78    -2.64   -27.60     0.067
  -13.57   -32.18   -28.57       -13.61   -32.11   -28.56     0.085
    5.56    15.02    60.60         5.44    15.13    60.58     0.163
   -2.29   -24.66   -28.06        -2.31   -24.61   -28.05     0.060
   21.81    23.65    15.67        21.87    23.77    15.70     0.134
   17.73    -5.18    12.01        17.82    -5.34    12.08     0.195
    6.65    16.04    57.93         6.58    16.09    57.92     0.088
  -15.56   -27.91   -41.56       -15.53   -27.98   -41.62     0.099
  -14.76   -25.61   -11.53       -14.77   -25.56   -11.56     0.069
   -4.80   -22.58   -35.52        -4.82   -22.56   -35.49     0.038
   31.88    19.48    -8.42        31.96    19.53    -8.41     0.093
   -9.30    20.59    16.45        -9.41    20.64    16.36     0.148
  -23.43    -9.29   -51.25       -23.43    -9.29   -51.24     0.011
  -21.19   -11.79   -51.07       -21.22   -11.80   -51.00     0.076
  -21.00   -15.68    -6.35       -21.00   -15.69    -6.35     0.008
    5.33   -14.21   -25.19         5.29   -14.20   -25.16     0.044
  -25.96    10.50   -34.98       -26.00    10.59   -35.03     0.116
   13.73    23.17    -1.73        13.81    23.10    -1.71     0.105
   18.15   -14.00    -1.84        18.16   -14.02    -1.82     0.033
   16.72     8.87    66.81        16.32     8.63    66.78     0.461
    1.36    -1.98   -26.53         1.36    -1.98   -26.53     0.002
   19.52    21.40    30.36        19.71    21.61    30.41     0.293
  -10.56    15.79    15.79       -10.51    15.79    15.83     0.064
   -3.18     8.38    48.94        -3.11     8.30    48.95     0.105
   -5.82     5.06    30.07        -5.93     5.05    30.07     0.111
    0.54    20.36    31.13         0.54    20.35    31.12     0.011
   36.70     1.74    -3.09        36.72     1.71    -3.08     0.040
   -3.54    -6.41   -31.25        -3.57    -6.45   -31.21     0.064
   -5.70     0.36    36.85        -5.69     0.36    36.85     0.014
  -40.29     1.60   -18.58       -40.18     1.47   -18.64     0.177
   24.06    19.49   -27.09        24.08    19.51   -27.13     0.051
  -31.86     9.52   -26.59       -31.88     9.55   -26.59     0.038
   21.50    22.08   -27.61        21.46    21.99   -27.54     0.116
   -4.62     5.76    -8.95        -4.59     5.71    -8.97     0.064
    3.25    -5.41    69.55         3.26    -5.43    69.61     0.066
  -43.15    -4.09   -41.88       -43.15    -4.09   -41.89     0.001
   17.74    21.22   -21.77        17.70    21.23   -21.77     0.044
   26.43     5.47    15.70        26.33     5.49    15.65     0.117
   25.20    -8.45   -18.51        25.18    -8.42   -18.48     0.050
  -22.27   -13.25    -5.47       -22.26   -13.22    -5.54     0.077
  -27.56   -34.42   -31.26       -27.57   -34.46   -31.26     0.045
   22.12    17.25    26.52        22.01    17.24    26.49     0.119
  -13.44   -30.81   -35.70       -13.43   -30.82   -35.71     0.022
    7.57    18.98    31.51         7.57    18.98    31.51     0.002
   34.66     5.62   -29.15        34.69     5.63   -29.20     0.061
   14.77    24.70    -0.08        14.78    24.70    -0.08     0.006
   -5.57    -0.85   -31.74        -5.56    -0.85   -31.75     0.014
   34.36     0.36    -0.76        34.34     0.37    -0.76     0.021
   13.30    -3.23    27.00        13.31    -3.25    27.00     0.028
   27.06    12.39   -29.63        27.06    12.39   -29.65     0.017
   -7.95    10.51    27.51        -8.02    10.52    27.59     0.101
   20.80     7.02    36.47        20.84     7.02    36.47     0.038
   33.04    -0.56     3.99        33.10    -0.59     4.01     0.061
    6.75     3.85    69.24         6.74     3.87    69.26     0.036
   -4.25    17.56    10.92        -4.20    17.61    11.02     0.124
   37.08    12.12    -9.98        37.11    12.13    -9.98     0.023
   23.38    20.17    19.38        23.42    20.18    19.40     0.041
    1.69    14.72    38.99         1.64    14.78    39.02     0.081
  -32.78   -21.56    -8.38       -32.76   -21.54    -8.42     0.046
  -40.26   -15.44   -10.14       -40.23   -15.44   -10.16     0.029
  -42.83   -19.39   -17.64       -42.78   -19.37   -17.67     0.060
    9.13    -6.56   -23.11         9.15    -6.58   -23.19     0.095
   12.53    -5.89   -22.25        12.52    -5.85   -22.22     0.047
    5.43    15.09     3.81         5.47    15.06     3.83     0.051
    6.30     1.11   -22.45         6.30     1.11   -22.45     0.002
   25.05    -1.16    13.62        25.16    -1.25    13.67     0.153
   -8.56    -9.83   -42.42        -8.47    -9.82   -42.49     0.112
  -43.27     0.99   -33.77       -43.32     1.03   -33.77     0.062
  -18.59   -12.55   -50.12       -18.59   -12.55   -50.11     0.015
   19.89     5.75    44.58        19.76     5.74    44.56     0.134
   -5.87     3.95    26.41        -5.81     3.95    26.41     0.061
   24.11     6.84    21.45        23.98     6.84    21.41     0.137
  -21.03    -4.88    -6.92       -20.98    -4.91    -6.99     0.088
   27.28    21.09   -23.21        27.35    21.17   -23.25     0.117
   19.61    24.02   -21.69        19.60    24.02   -21.69     0.006
    4.17    11.04    69.35         4.19    11.04    69.33     0.031
   -6.87     3.62   -28.58        -6.87     3.62   -28.58     0.011
   -3.51    -8.75     9.22        -3.50    -8.74     9.21     0.011
  -44.66    -8.78   -41.70       -44.71    -8.77   -41.71     0.055
  -44.27   -21.45   -26.12       -44.25   -21.44   -26.12     0.020
   32.16     1.34     8.90        32.12     1.34     8.89     0.037
   33.57    17.36   -21.21        33.58    17.36   -21.21     0.010
    5.58   -16.72   -19.53         5.55   -16.69   -19.52     0.038
   36.92     1.59   -11.92        36.95     1.57   -11.92     0.035
   16.82     8.22    62.45        16.94     8.28    62.46     0.134
  -20.93   -30.48   -14.61       -20.93   -30.48   -14.61     0.004
   21.18    25.56   -11.14        21.17    25.65   -11.16     0.089
    9.99    19.69    32.72         9.98    19.71    32.72     0.019
    7.44    -4.36    37.90         7.44    -4.35    37.90     0.004
  -14.70    11.37   -32.15       -14.76    11.30   -32.13     0.091
   16.67    18.99    -8.61        16.64    19.01    -8.63     0.042
   10.29    -3.60    34.53        10.28    -3.56    34.53     0.047
    0.74    23.21    19.93         0.67    23.08    19.93     0.152
   -2.07     6.15    -5.59        -2.07     6.15    -5.59     0.005
  -34.99   -25.43   -42.22       -35.01   -25.46   -42.25     0.040
  -12.53   -15.58    -3.55       -12.54   -15.59    -3.53     0.029
  -42.90    -3.73   -41.89       -42.94    -3.72   -41.94     0.066
   19.84    22.80   -26.89        19.84    22.80   -26.89     0.003
   15.11    -9.46   -18.77        15.11    -9.51   -18.83     0.080
  -11.79   -11.87   -47.52       -11.79   -11.87   -47.51     0.005
  -24.80   -22.16    -6.90       -24.80   -22.16    -6.89     0.005
   16.56    17.74    48.49        16.47    17.73    48.45     0.098
   21.60    11.86   -26.75        21.63    11.83   -26.76     0.049
   -1.92   -23.38   -31.96        -1.93   -23.38   -31.96     0.003
    9.36    12.58    -3.51         9.31    12.62    -3.55     0.080
   23.30     5.22    23.85        23.33     5.22    23.86     0.029
  -11.89   -30.82   -22.26       -11.87   -30.84   -22.25     0.031
    1.49    -5.87    68.78         1.53    -5.58    68.69     0.305
   18.51     4.07    56.16        18.63     4.08    56.18     0.124
    1.88   -10.57     4.24         1.88   -10.55     4.24     0.026
    0.66    17.77     8.70         0.67    17.77     8.71     0.015
  -45.95   -16.78   -24.26       -46.04   -16.81   -24.24     0.095
  -37.04   -29.36   -33.82       -37.03   -29.34   -33.82     0.023
  -27.75   -11.33   -51.97       -27.75   -11.33   -51.98     0.012
  -25.82    12.87   -25.92       -25.80    12.83   -25.92     0.040
   34.14    15.32    -0.50        34.11    15.29    -0.51     0.045
    0.30    15.81     9.91         0.31    15.81     9.93     0.015
   -5.99     0.17    61.94        -6.03     0.14    61.94     0.051
   14.83    23.76    -3.42        14.84    23.75    -3.42     0.011
   14.32    22.02    31.13        14.37    21.90    31.14     0.131
   27.92    16.48   -27.04        27.92    16.45   -27.01     0.045
   30.95    18.81    -4.66        30.95    18.81    -4.66     0.008
    6.24     5.78    70.95         6.24     5.78    70.94     0.009
    1.85    12.73     6.43         1.89    12.65     6.48     0.098
   10.07    17.52    -0.15         9.99    17.52    -0.20     0.093
   20.10    14.21    35.76        20.15    14.21    35.77     0.046
   20.25    12.97    35.68        20.25    12.97    35.68     0.007
   13.28    -4.07    23.84        13.20    -3.89    23.80     0.203
    3.52    12.98    54.42         3.54    12.94    54.43     0.050
   28.76    -5.30    -3.60        28.72    -5.25    -3.61     0.061
   19.90    13.44    36.98        19.96    13.45    36.99     0.070
   14.51    24.37    12.99        14.52    24.30    12.97     0.071
  -36.71   -27.45   -18.07       -36.66   -27.39   -18.10     0.077
    0.66    17.99     8.55         0.70    18.01     8.62     0.081
  -43.04   -19.78   -39.47       -43.04   -19.78   -39.47     0.001
    5.63    -4.50    46.75         5.62    -4.43    46.74     0.069
   18.64    22.47    29.06        18.63    22.40    29.07     0.077
   19.42     4.63    46.60        19.56     4.64    46.61     0.137
   -7.65    -0.62   -35.74        -7.65    -0.62   -35.74     0.002
    6.85    18.13    36.05         6.85    18.02    36.02     0.119
   33.93     0.64   -30.49        33.98     0.65   -30.55     0.072
    1.42   -18.72   -12.32         1.43   -18.72   -12.31     0.014
  -11.13   -25.04   -41.60       -11.09   -25.08   -41.64     0.062
    2.87    14.95     7.96         2.87    14.95     7.95     0.005
    1.42    21.99    13.51         1.44    22.10    13.48     0.112
   -9.81     5.81   -29.96        -9.78     5.83   -29.97     0.044
   15.22    22.45    28.95        15.23    22.34    28.94     0.105
   19.62    21.67   -27.84        19.62    21.66   -27.83     0.022
   31.00    11.89   -31.31        30.98    11.88   -31.35     0.038
  -17.73   -16.96   -49.83       -17.74   -16.95   -49.80     0.032
  -38.46   -18.09    -8.98       -38.43   -18.07    -9.00     0.039
   19.14    16.67    38.96        19.07    16.68    38.95     0.066
   12.78    19.44    -4.32        12.79    19.44    -4.32     0.014
