400 PA5-F-Debug-Output.txt 6
   71.8198   53.4785   81.8567 -135.3420   11.2004  -79.8474
   19.96    17.31   -29.97        19.94    17.28   -30.00     0.045
   11.65   -15.88    -1.28        11.67   -15.92    -1.26     0.043
   -5.87     1.13    38.96        -5.77     1.15    38.96     0.098
  -46.56   -17.35   -27.45       -46.42   -17.30   -27.47     0.142
  -11.95     0.26    -0.88       -11.90     0.22    -0.90     0.070
   11.89    -2.21   -23.58        11.92    -2.20   -23.52     0.072
   -5.33     5.10     6.85        -5.40     5.15     6.83     0.097
  -32.90   -11.82    -5.12       -32.87   -11.81    -5.06     0.063
   20.71     9.35   -23.90        20.72     9.34   -23.89     0.018
   33.06     7.05   -31.23        32.98     7.04   -31.20     0.083
  -28.02   -24.22   -47.75       -27.99   -24.13   -47.68     0.118
   -8.45   -14.72   -42.81        -8.40   -14.71   -42.86     0.073
   35.97    15.23   -15.31        35.96    15.23   -15.31     0.005
  -15.44    -3.34    -2.56       -15.53    -3.30    -2.52     0.106
  -11.01   -21.97    -6.59       -11.01   -22.00    -6.56     0.040
   23.11     0.08    19.65        23.09     0.09    19.64     0.019
  -24.79     5.86   -16.39       -24.77     5.95   -16.34     0.109
   -6.30     5.68    24.72        -6.21     5.69    24.71     0.099
   -0.07     7.57    -9.76        -0.06     7.54    -9.76     0.039
   32.73     1.07     6.64        32.84     1.07     6.66     0.109
   10.81   -16.49    -3.44        10.84   -16.42    -3.43     0.074
   -7.16   -25.68   -35.04        -7.16   -25.68   -35.04     0.001
  -20.26   -33.96   -23.91       -20.28   -33.85   -23.92     0.118
   11.23    -3.89    66.24        11.10    -3.72    66.25     0.212
  -41.75     2.70   -32.94       -41.78     2.74   -32.94     0.052
   34.24    14.80   -22.38        34.31    14.82   -22.39     0.080
  -12.69   -18.70   -46.77       -12.66   -18.72   -46.76     0.042
   22.24     5.60    28.47        22.22     5.60    28.47     0.021
  -44.94    -1.13   -34.83       -44.90    -1.16   -34.83     0.049
  -30.74   -33.24   -21.80       -30.82   -33.36   -21.76     0.153
    4.79    16.82     5.19         4.70    16.87     5.11     0.132
   26.39    24.14   -20.24        26.43    24.19   -20.25     0.064
    7.63     0.98   -22.20         7.65     0.93   -22.15     0.078
    2.85    16.65     7.11         2.83    16.66     7.08     0.036
    0.74    22.93    18.45         0.73    22.90    18.46     0.039
  -41.16   -11.08    -9.94       -41.14   -11.08    -9.96     0.026
  -12.75   -31.81   -26.84       -12.76   -31.81   -26.84     0.009
  -20.90   -21.45    -6.98       -20.90   -21.46    -6.92     0.061
   18.30    22.01   -19.75        18.30    22.01   -19.75     0.000
   -1.40    23.11    27.56        -1.33    23.23    27.58     0.137
    5.66   -16.53   -20.52         5.64   -16.50   -20.51     0.040
    7.68    20.88    25.37         7.68    20.87    25.37     0.008
   15.97    11.99    57.38        15.92    11.96    57.37     0.066
  -32.67    -9.49   -50.39       -32.71    -9.46   -50.49     0.108
   22.75   -12.60   -12.95        22.76   -12.63   -12.95     0.039
    1.80    -5.90    28.84         1.87    -5.75    28.83     0.167
    0.14    -4.08    58.11         0.12    -4.14    58.10     0.065
  -20.58    -5.34   -49.87       -20.58    -5.33   -49.89     0.025
   17.74    19.56   -21.94        17.64    19.53   -21.93     0.109
   12.87    19.59    -4.54        12.92    19.58    -4.53     0.052
  -26.79     8.35   -38.47       -26.79     8.40   -38.52     0.068
   16.06    21.06    -9.77        16.21    21.15    -9.67     0.195
  -14.47   -30.46   -16.38       -14.50   -30.40   -16.40     0.065
    5.87    20.78     9.86         5.87    20.83     9.85     0.050
   -9.15    22.17    21.19        -9.14    22.14    21.19     0.030
   21.41     2.32    29.16        21.38     2.34    29.16     0.031
   -0.16    22.33    28.44        -0.12    22.39    28.45     0.066
   18.07    22.33   -14.52        17.97    22.30   -14.54     0.098
    3.82    -4.38    69.84         3.83    -4.39    69.87     0.035
    4.26     9.51    -3.82         4.19     9.63    -3.88     0.154
  -43.06    -8.54   -44.04       -43.08    -8.54   -44.06     0.020
  -23.27   -20.83   -50.21       -23.27   -20.84   -50.25     0.037
   10.36    -9.50    14.73        10.33    -9.44    14.70     0.076
  -11.57    -3.28     2.88       -11.64    -3.27     2.92     0.076
    5.06   -14.54    -3.14         5.06   -14.53    -3.14     0.008
  -31.06   -26.29   -44.13       -31.06   -26.28   -44.12     0.020
  -45.93   -12.15   -38.58       -45.91   -12.16   -38.58     0.020
   -6.04     2.70    40.76        -5.88     2.69    40.75     0.154
   -8.22     8.00   -22.64        -8.25     7.97   -22.64     0.041
    0.13    13.68     8.81         0.10    13.71     8.78     0.055
  -27.05    10.53   -34.49       -27.05    10.52   -34.48     0.017
   35.24     6.11   -28.92        35.27     6.08   -28.98     0.070
   37.99     6.29   -11.92        37.94     6.27   -11.92     0.059
    8.83    -0.00    69.36         8.83    -0.01    69.33     0.032
  -39.34   -26.12   -20.11       -39.40   -26.18   -20.08     0.092
   26.00    12.88    18.89        26.05    12.87    18.91     0.052
   34.24    15.07    -4.82        34.26    15.09    -4.82     0.033
   17.56     1.58    56.88        17.63     1.52    56.88     0.088
   -9.39     1.06   -38.35        -9.39     1.06   -38.36     0.008
   11.57    -3.19    65.53        11.66    -3.32    65.53     0.154
   13.49    22.72    22.80        13.51    22.64    22.78     0.085
   -6.83     6.71   -22.36        -6.94     6.60   -22.33     0.158
   31.34    18.51    -5.59        31.40    18.53    -5.57     0.067
   19.62     9.20    41.61        19.72     9.21    41.63     0.100
   -4.50    -1.14    38.91        -4.50    -1.14    38.91     0.009
   14.53    14.10    58.15        14.70    14.16    58.19     0.185
  -21.78   -27.76   -12.43       -21.78   -27.79   -12.41     0.043
   -0.33   -20.26   -34.09        -0.24   -20.27   -34.10     0.089
   22.56   -12.72   -11.43        22.57   -12.72   -11.43     0.006
   13.07    -3.15    27.13        13.13    -3.30    27.15     0.159
   38.12     4.24    -8.28        38.06     4.25    -8.29     0.065
  -21.84    -6.17    -7.04       -21.88    -6.14    -6.97     0.087
  -35.82     1.75   -11.92       -35.81     1.76   -11.91     0.014
   25.86    -5.34   -24.56        25.87    -5.42   -24.59     0.085
    0.48    -3.36    41.09         0.42    -3.48    41.09     0.135
  -39.86   -26.00   -36.65       -39.90   -26.03   -36.66     0.051
   30.20    21.88   -18.84        30.22    21.92   -18.85     0.039
   -5.81     2.59    41.62        -5.85     2.59    41.62     0.035
   20.43    22.80   -27.03        20.42    22.83   -27.07     0.061
  -27.98     2.06   -46.08       -27.97     2.05   -46.08     0.012
  -34.22     8.34   -27.30       -34.14     8.24   -27.31     0.126
    2.39    -1.24   -25.04         2.42    -1.23   -25.09     0.064
   -8.65     0.71     5.04        -8.75     0.77     5.06     0.110
   23.77    25.56   -14.59        23.77    25.58   -14.59     0.028
    5.97    -5.00    53.73         5.95    -4.64    53.74     0.364
   -5.18    -3.65   -32.16        -5.23    -3.69   -32.15     0.062
    1.04    -5.83    26.83         1.07    -5.74    26.82     0.096
    0.49    -3.86   -28.17         0.47    -3.86   -28.15     0.032
   21.98    18.75    25.71        21.93    18.73    25.70     0.059
   36.50     3.36    -1.77        36.48     3.36    -1.80     0.038
   19.06    15.39   -16.60        19.08    15.39   -16.59     0.019
   18.99    19.91    40.74        19.02    19.91    40.75     0.029
   -1.19    -2.63   -28.52        -1.20    -2.66   -28.49     0.045
   19.57    15.38    38.04        19.54    15.38    38.02     0.038
   -0.40    -6.13    19.91        -0.41    -6.17    19.91     0.041
   21.79    16.19    27.58        21.84    16.20    27.59     0.049
  -11.23    20.10    21.26       -11.20    20.07    21.26     0.044
   26.29    -7.41   -19.51        26.29    -7.41   -19.51     0.001
   11.73   -15.15    -9.53        11.74   -15.04    -9.45     0.142
    9.19    -2.26   -22.51         9.20    -2.26   -22.49     0.029
   -3.55    12.19    32.88        -3.58    12.18    32.91     0.049
   10.91    20.28    34.44        11.05    20.05    34.39     0.272
  -42.29    -1.84   -41.31       -42.33    -1.80   -41.34     0.070
  -27.65   -20.67    -6.60       -27.65   -20.63    -6.55     0.065
  -37.29   -28.97   -34.78       -37.35   -29.06   -34.78     0.109
  -31.57     6.79   -16.31       -31.57     6.82   -16.30     0.036
    1.96    16.82     8.18         1.91    16.86     8.12     0.084
   -8.49   -23.76    -8.65        -8.50   -23.80    -8.63     0.047
  -45.80   -12.18   -34.07       -45.72   -12.21   -34.10     0.081
   22.85     8.92   -27.19        22.84     8.93   -27.20     0.017
  -42.66   -10.37   -12.29       -42.63   -10.37   -12.31     0.044
   -9.18    -2.28     7.21        -9.16    -2.28     7.19     0.035
   -5.58     4.96    34.27        -5.73     4.97    34.27     0.147
   19.05    11.44    43.26        18.98    11.43    43.25     0.074
   -0.79    -7.78   -29.95        -0.75    -7.77   -30.00     0.070
  -37.30   -28.00   -37.37       -37.30   -28.00   -37.37     0.001
   -0.92    -4.09    61.55        -0.92    -4.08    61.55     0.009
  -28.13     0.32   -47.52       -28.10     0.29   -47.47     0.058
  -40.46   -26.63   -28.76       -40.49   -26.66   -28.77     0.045
    7.97    -0.23   -22.57         7.98    -0.23   -22.60     0.035
  -29.19    -7.11   -50.79       -29.19    -7.12   -50.76     0.034
   23.31    25.88    -6.80        23.30    25.86    -6.80     0.027
   27.97    15.96   -27.47        27.98    15.92   -27.42     0.071
  -34.99     3.37   -41.79       -35.03     3.43   -41.84     0.093
  -21.42    -2.51    -8.71       -21.42    -2.52    -8.72     0.012
   -5.71    -2.59    15.52        -5.62    -2.59    15.49     0.093
  -39.26   -24.05   -40.06       -39.30   -24.08   -40.09     0.063
  -38.55   -22.52   -13.71       -38.49   -22.49   -13.75     0.069
   -4.40    -3.31    17.97        -4.43    -3.32    17.98     0.033
  -19.27   -33.42   -33.29       -19.29   -33.37   -33.28     0.053
  -11.88    16.54    25.22       -11.97    16.57    25.24     0.100
   21.32    25.38   -15.86        21.29    25.44   -15.87     0.069
   15.40    -2.03    34.71        15.37    -1.91    34.70     0.127
   27.82    -0.33   -28.86        27.80    -0.35   -28.92     0.060
   29.92    21.51     0.30        29.80    21.42     0.28     0.152
   35.23     1.85     0.01        35.19     1.87     0.00     0.047
    9.83    18.92    38.78         9.73    19.03    38.76     0.159
   27.89    22.03   -21.22        27.90    22.04   -21.22     0.011
   12.50     8.62    70.67        12.50     8.62    70.66     0.004
   27.41    -3.41     6.47        27.43    -3.46     6.49     0.062
   12.21    -3.32    30.30        12.16    -3.19    30.28     0.138
   10.55    19.61    48.70        10.50    19.68    48.70     0.076
  -11.69    15.81    18.31       -11.73    15.80    18.31     0.036
   -2.95   -13.98   -35.31        -2.90   -13.94   -35.33     0.062
    3.34    12.69     4.65         3.42    12.58     4.71     0.147
  -11.56    -2.37     2.87       -11.59    -2.37     2.89     0.037
    1.56    -5.90    25.88         1.50    -6.05    25.90     0.155
   21.97    -0.26   -25.07        21.97    -0.26   -25.07     0.008
   12.41     6.72    70.10        12.40     6.70    70.16     0.060
   17.61    14.12    47.40        17.43    14.09    47.34     0.192
   10.39    21.22    26.06        10.39    21.23    26.06     0.011
   -3.94   -11.60   -35.97        -3.90   -11.60   -35.98     0.041
    8.15    17.84    51.64         8.26    17.77    51.64     0.128
    0.81    -3.93    54.75         0.81    -3.94    54.75     0.009
   -8.13     2.20     3.12        -8.17     2.22     3.12     0.040
    0.30     7.47    -2.80         0.23     7.57    -2.81     0.120
   13.22    -2.82    54.46        13.11    -2.71    54.47     0.153
    5.55     2.24    69.55         5.54     2.24    69.54     0.010
   10.13   -13.32     5.13        10.12   -13.29     5.11     0.044
   27.76    -0.49    12.30        27.77    -0.50    12.33     0.035
   26.19    -3.41     8.74        26.20    -3.42     8.74     0.019
    6.87     5.54    69.31         6.88     5.53    69.32     0.012
  -21.56   -11.39    -5.19       -21.56   -11.39    -5.19     0.004
   22.01   -13.82    -4.53        22.01   -13.82    -4.53     0.002
    0.49    16.60     9.36         0.50    16.61     9.38     0.015
  -32.75     3.60   -42.61       -32.75     3.59   -42.61     0.007
   -0.31    14.52    37.15        -0.19    14.36    37.07     0.218
   36.54     2.92    -1.97        36.53     2.93    -1.98     0.017
    6.76   -15.15    -2.20         6.75   -15.15    -2.20     0.002
   21.60   -10.98    -2.50        21.54   -10.94    -2.55     0.093
    8.69    -4.84    69.28         8.57    -4.72    69.21     0.185
   -1.87    18.20     9.71        -1.85    18.21     9.77     0.061
    3.86    -8.49    19.40         3.88    -8.41    19.40     0.083
  -31.09   -22.13   -48.73       -31.08   -22.11   -48.69     0.048
  -28.39   -25.84   -45.95       -28.39   -25.85   -45.97     0.019
  -19.88   -30.27   -40.50       -19.85   -30.34   -40.55     0.093
   19.25    20.96    36.20        19.36    20.98    36.21     0.111
   -7.68   -21.02   -40.94        -7.78   -20.96   -40.87     0.132
   14.74    25.21    10.36        14.77    25.16    10.35     0.055
   18.75   -15.46    -3.70        18.73   -15.40    -3.71     0.065
   -2.36    -2.31    38.15        -2.36    -2.33    38.15     0.016
   23.68    26.08    -3.43        23.61    25.97    -3.42     0.130
   32.50    18.12    -7.47        32.47    18.12    -7.48     0.027
   18.33    -1.76    24.56        18.31    -1.73    24.56     0.033
  -13.86     7.70   -39.27       -13.86     7.69   -39.27     0.008
   -1.28    -5.32    22.07        -1.23    -5.24    22.07     0.089
   26.33    -9.74   -13.98        26.34    -9.74   -13.98     0.007
  -14.10    -8.36   -48.92       -14.09    -8.36   -48.95     0.035
   -3.42   -11.08   -34.59        -3.46   -11.09   -34.58     0.038
   11.63    21.91    23.63        11.63    21.92    23.63     0.004
  -16.40   -27.27   -13.88       -16.40   -27.29   -13.87     0.014
    2.16    10.54     2.74         2.15    10.56     2.73     0.019
   17.45    12.09   -13.82        17.49    12.04   -13.78     0.070
   11.79    -9.33    10.85        11.93    -9.57    10.91     0.286
  -13.97   -10.85   -48.78       -13.98   -10.85   -48.75     0.037
   37.29     6.15   -16.57        37.25     6.17   -16.55     0.048
   25.85    -5.32     2.93        25.77    -5.22     2.89     0.136
   -0.16    -6.12    19.68        -0.19    -6.22    19.68     0.110
   -5.39    20.29    13.25        -5.40    20.32    13.23     0.037
   14.58    23.06    22.21        14.59    22.80    22.18     0.263
   22.84    11.71   -26.66        22.84    11.71   -26.66     0.003
   -5.25    -0.13    57.79        -5.32    -0.19    57.78     0.100
   17.66     6.66    61.51        17.68     6.66    61.51     0.019
   11.91    14.99    66.21        11.83    14.89    66.19     0.133
    3.40    -0.94    70.08         3.40    -0.94    70.10     0.019
   37.74     6.51    -7.97        37.93     6.52    -7.99     0.188
   19.03   -13.72   -13.28        19.02   -13.69   -13.26     0.036
   36.47     4.55     0.65        36.47     4.55     0.65     0.003
   -0.86    10.50    60.27        -0.90    10.55    60.27     0.069
  -18.36    10.23   -20.99       -18.36    10.25   -20.97     0.029
   11.75   -12.80   -15.22        11.76   -12.83   -15.23     0.032
   31.52    -5.22   -22.14        31.47    -5.16   -22.13     0.075
  -46.28   -16.15   -24.57       -46.34   -16.18   -24.56     0.066
   26.49    -5.56     0.29        26.59    -5.69     0.34     0.168
   36.94     5.19   -18.82        36.87     5.17   -18.81     0.077
   -1.15    -2.24    50.38        -1.24    -2.42    50.37     0.198
    5.60    -8.65    19.01         5.61    -8.61    19.00     0.047
   17.65    21.27   -25.69        17.71    21.24   -25.69     0.074
  -40.63    -1.16   -42.59       -40.59    -1.20   -42.54     0.066
  -21.84    -2.94    -8.76       -21.87    -2.91    -8.71     0.062
    0.38     9.82     3.47         0.43     9.76     3.50     0.082
  -22.54   -34.23   -24.80       -22.54   -34.26   -24.79     0.036
   15.49    10.09    65.78        15.48    10.09    65.78     0.010
   -0.22    -6.53    18.64        -0.24    -6.48    18.62     0.060
   13.07    -3.85    24.41        13.06    -3.83    24.41     0.019
    9.06     9.81    -8.38         9.06     9.81    -8.38     0.001
   10.46    21.95     4.93        10.36    22.06     4.90     0.151
   26.75    -2.66   -27.65        26.77    -2.63   -27.59     0.077
  -13.58   -32.17   -28.58       -13.62   -32.11   -28.57     0.073
    5.52    15.01    60.60         5.42    15.10    60.59     0.140
   -2.30   -24.65   -28.06        -2.31   -24.62   -28.06     0.039
   21.79    23.65    15.68        21.86    23.78    15.72     0.151
   17.71    -5.18    12.01        17.81    -5.36    12.09     0.213
    6.61    16.03    57.93         6.56    16.07    57.92     0.066
  -15.57   -27.90   -41.57       -15.54   -27.96   -41.63     0.100
  -14.78   -25.60   -11.54       -14.78   -25.57   -11.56     0.043
   -4.81   -22.56   -35.52        -4.84   -22.55   -35.50     0.042
   31.87    19.48    -8.41        31.97    19.54    -8.39     0.112
   -9.32    20.59    16.45        -9.40    20.63    16.38     0.110
  -23.43    -9.27   -51.27       -23.43    -9.28   -51.25     0.019
  -21.19   -11.78   -51.09       -21.22   -11.78   -51.01     0.080
  -21.01   -15.67    -6.37       -21.02   -15.69    -6.34     0.031
    5.31   -14.20   -25.19         5.31   -14.20   -25.18     0.012
  -25.96    10.51   -34.99       -26.00    10.60   -35.04     0.112
   13.72    23.17    -1.72        13.81    23.09    -1.69     0.122
   18.13   -14.00    -1.84        18.17   -14.05    -1.79     0.074
   16.68     8.86    66.81        16.29     8.63    66.79     0.443
    1.35    -1.98   -26.53         1.35    -1.98   -26.53     0.002
   19.50    21.39    30.37        19.70    21.63    30.42     0.316
  -10.58    15.79    15.79       -10.52    15.80    15.84     0.082
   -3.22     8.38    48.94        -3.13     8.29    48.95     0.126
   -5.85     5.06    30.07        -5.94     5.05    30.07     0.091
    0.52    20.36    31.13         0.51    20.34    31.12     0.020
   36.68     1.74    -3.08        36.71     1.71    -3.07     0.044
   -3.55    -6.40   -31.25        -3.57    -6.45   -31.21     0.071
   -5.73     0.36    36.85        -5.69     0.37    36.85     0.047
  -40.30     1.62   -18.60       -40.20     1.50   -18.65     0.168
   24.05    19.49   -27.08        24.09    19.52   -27.14     0.076
  -31.86     9.53   -26.61       -31.88     9.57   -26.61     0.037
   21.50    22.09   -27.60        21.47    22.01   -27.55     0.090
   -4.63     5.77    -8.95        -4.59     5.70    -8.98     0.080
    3.20    -5.41    69.55         3.21    -5.43    69.60     0.060
  -43.15    -4.07   -41.90       -43.15    -4.07   -41.90     0.004
   17.74    21.22   -21.76        17.72    21.23   -21.76     0.018
   26.41     5.47    15.71        26.30     5.48    15.66     0.126
   25.19    -8.45   -18.50        25.16    -8.41   -18.46     0.065
  -22.29   -13.24    -5.49       -22.28   -13.22    -5.54     0.057
  -27.57   -34.41   -31.28       -27.59   -34.47   -31.28     0.061
   22.10    17.25    26.53        21.99    17.24    26.51     0.106
  -13.45   -30.79   -35.71       -13.44   -30.82   -35.72     0.030
    7.54    18.98    31.51         7.54    18.96    31.51     0.017
   34.66     5.63   -29.14        34.70     5.64   -29.21     0.083
   14.76    24.70    -0.07        14.78    24.69    -0.07     0.020
   -5.57    -0.84   -31.75        -5.56    -0.83   -31.76     0.018
   34.34     0.35    -0.74        34.33     0.36    -0.75     0.018
   13.28    -3.23    27.00        13.29    -3.26    27.01     0.037
   27.06    12.39   -29.62        27.05    12.39   -29.64     0.022
   -7.98    10.51    27.51        -8.04    10.52    27.59     0.104
   20.77     7.01    36.47        20.82     7.02    36.48     0.044
   33.03    -0.56     4.00        33.08    -0.59     4.02     0.059
    6.71     3.84    69.24         6.70     3.85    69.25     0.015
   -4.26    17.56    10.92        -4.22    17.62    11.02     0.128
   37.07    12.12    -9.97        37.11    12.13    -9.97     0.044
   23.36    20.16    19.39        23.42    20.18    19.41     0.060
    1.66    14.72    38.99         1.63    14.75    39.01     0.044
  -32.80   -21.54    -8.40       -32.79   -21.54    -8.42     0.026
  -40.27   -15.43   -10.16       -40.26   -15.42   -10.17     0.016
  -42.84   -19.37   -17.66       -42.81   -19.36   -17.68     0.042
    9.12    -6.55   -23.10         9.14    -6.58   -23.20     0.102
   12.52    -5.88   -22.25        12.51    -5.85   -22.22     0.039
    5.42    15.09     3.81         5.48    15.05     3.85     0.080
    6.29     1.12   -22.45         6.30     1.12   -22.46     0.015
   25.03    -1.16    13.63        25.13    -1.25    13.67     0.141
   -8.56    -9.82   -42.43        -8.48    -9.81   -42.49     0.095
  -43.27     1.01   -33.78       -43.32     1.05   -33.79     0.060
  -18.59   -12.53   -50.13       -18.58   -12.53   -50.11     0.021
   19.86     5.74    44.58        19.74     5.73    44.57     0.126
   -5.89     3.95    26.41        -5.81     3.96    26.41     0.084
   24.09     6.84    21.46        23.95     6.83    21.41     0.141
  -21.04    -4.87    -6.93       -21.00    -4.90    -7.00     0.088
   27.28    21.09   -23.19        27.37    21.19   -23.25     0.145
   19.60    24.02   -21.68        19.61    24.02   -21.68     0.005
    4.13    11.04    69.35         4.18    11.03    69.31     0.067
   -6.87     3.63   -28.58        -6.88     3.63   -28.58     0.012
   -3.53    -8.74     9.21        -3.53    -8.73     9.20     0.014
  -44.66    -8.76   -41.72       -44.72    -8.75   -41.73     0.058
  -44.28   -21.43   -26.14       -44.27   -21.42   -26.14     0.020
   32.14     1.33     8.92        32.10     1.34     8.90     0.039
   33.56    17.36   -21.19        33.60    17.37   -21.20     0.035
    5.56   -16.71   -19.53         5.56   -16.70   -19.53     0.007
   36.91     1.59   -11.91        36.94     1.56   -11.91     0.045
   16.78     8.21    62.45        16.91     8.28    62.47     0.150
  -20.95   -30.47   -14.62       -20.95   -30.47   -14.60     0.027
   21.17    25.56   -11.13        21.16    25.66   -11.15     0.097
    9.97    19.69    32.72         9.97    19.69    32.72     0.004
    7.41    -4.36    37.90         7.41    -4.36    37.90     0.004
  -14.70    11.38   -32.16       -14.75    11.32   -32.14     0.084
   16.67    19.00    -8.60        16.65    19.00    -8.61     0.013
   10.26    -3.60    34.53        10.25    -3.57    34.53     0.039
    0.72    23.21    19.93         0.64    23.06    19.93     0.173
   -2.08     6.16    -5.59        -2.07     6.14    -5.59     0.012
  -35.00   -25.41   -42.24       -35.02   -25.44   -42.27     0.046
  -12.55   -15.57    -3.56       -12.56   -15.59    -3.53     0.045
  -42.90    -3.71   -41.91       -42.94    -3.70   -41.95     0.061
   19.84    22.80   -26.88        19.84    22.81   -26.89     0.007
   15.10    -9.45   -18.77        15.10    -9.51   -18.83     0.084
  -11.79   -11.86   -47.52       -11.80   -11.86   -47.52     0.013
  -24.82   -22.15    -6.91       -24.82   -22.16    -6.88     0.033
   16.52    17.74    48.49        16.45    17.72    48.47     0.077
   21.59    11.86   -26.74        21.65    11.81   -26.75     0.076
   -1.93   -23.37   -31.97        -1.93   -23.38   -31.97     0.006
    9.35    12.58    -3.50         9.32    12.61    -3.53     0.049
   23.27     5.22    23.86        23.30     5.21    23.86     0.027
  -11.90   -30.81   -22.27       -11.88   -30.85   -22.26     0.048
    1.45    -5.87    68.78         1.49    -5.57    68.68     0.323
   18.47     4.06    56.16        18.60     4.07    56.19     0.137
    1.86   -10.57     4.24         1.86   -10.55     4.24     0.018
    0.65    17.77     8.70         0.66    17.78     8.71     0.016
  -45.96   -16.76   -24.28       -46.05   -16.80   -24.26     0.103
  -37.06   -29.35   -33.84       -37.05   -29.34   -33.84     0.007
  -27.75   -11.31   -51.98       -27.75   -11.31   -52.00     0.018
  -25.82    12.88   -25.93       -25.81    12.85   -25.93     0.031
   34.13    15.31    -0.49        34.10    15.29    -0.49     0.032
    0.28    15.81     9.92         0.31    15.82     9.94     0.040
   -6.03     0.17    61.94        -6.04     0.16    61.94     0.012
   14.82    23.76    -3.42        14.84    23.74    -3.41     0.028
   14.29    22.02    31.13        14.35    21.90    31.15     0.135
   27.92    16.48   -27.03        27.92    16.46   -27.01     0.031
   30.94    18.81    -4.65        30.95    18.81    -4.64     0.008
    6.20     5.78    70.95         6.20     5.77    70.95     0.003
    1.83    12.73     6.43         1.88    12.64     6.49     0.123
   10.06    17.52    -0.14         9.99    17.52    -0.19     0.076
   20.07    14.20    35.77        20.13    14.21    35.78     0.055
   20.22    12.96    35.68        20.23    12.96    35.69     0.015
   13.25    -4.07    23.84        13.18    -3.90    23.81     0.190
    3.49    12.98    54.43         3.51    12.92    54.43     0.067
   28.74    -5.30    -3.59        28.70    -5.25    -3.61     0.067
   19.87    13.44    36.99        19.94    13.44    37.00     0.079
   14.49    24.37    12.99        14.51    24.29    12.98     0.082
  -36.72   -27.43   -18.09       -36.69   -27.39   -18.11     0.056
    0.65    17.99     8.56         0.69    18.01     8.62     0.080
  -43.04   -19.76   -39.49       -43.05   -19.77   -39.49     0.014
    5.60    -4.51    46.75         5.59    -4.44    46.74     0.070
   18.62    22.47    29.07        18.61    22.41    29.08     0.063
   19.39     4.62    46.60        19.54     4.63    46.62     0.146
   -7.65    -0.60   -35.74        -7.66    -0.61   -35.74     0.011
    6.82    18.13    36.05         6.82    18.00    36.02     0.134
   33.93     0.64   -30.48        34.00     0.66   -30.56     0.105
    1.40   -18.71   -12.33         1.44   -18.72   -12.30     0.044
  -11.13   -25.03   -41.61       -11.10   -25.07   -41.65     0.065
    2.85    14.95     7.96         2.87    14.94     7.98     0.029
    1.40    22.00    13.51         1.41    22.07    13.49     0.077
   -9.82     5.82   -29.97        -9.79     5.84   -29.97     0.039
   15.20    22.44    28.96        15.21    22.34    28.94     0.104
   19.61    21.68   -27.83        19.62    21.67   -27.83     0.009
   31.00    11.89   -31.30        30.98    11.88   -31.33     0.034
  -17.73   -16.95   -49.84       -17.74   -16.94   -49.81     0.032
  -38.47   -18.07    -9.00       -38.45   -18.06    -9.01     0.028
   19.11    16.66    38.97        19.06    16.67    38.96     0.052
   12.77    19.45    -4.32        12.81    19.43    -4.31     0.040
